2 0.91171875 0.41858796296296297 0.04739583333333333 0.249212962962963
2 0.8514739583333333 0.41356481481481483 0.0553802083333333 0.21604166666666663
2 0.5942708333333333 0.43247685185185186 0.053125 0.21525462962962966
2 0.4128489583333333 0.7665972222222223 0.08958333333333333 0.4668055555555555
2 0.14305729166666667 0.4093287037037037 0.05694270833333334 0.26155092592592594
2 0.16449479166666667 0.6187731481481481 0.052953124999999976 0.19432870370370375
1 0.24357812500000003 0.5191666666666667 0.1572916666666667 0.8438888888888889
1 0.7420156250000001 0.539212962962963 0.16458333333333333 0.8840046296296296
0 0.93978125 0.5814583333333333 0.016510416666666573 0.03592592592592588
0 0.8792083333333333 0.4238657407407408 0.01427083333333338 0.03481481481481486
0 0.8066770833333333 0.1753935185185185 0.016645833333333353 0.11462962962962965
0 0.8150989583333333 0.20391203703703706 0.019906249999999896 0.13243055555555558
0 0.7888072916666666 0.16694444444444445 0.014880208333333419 0.10981481481481481
0 0.7529322916666668 0.1522916666666667 0.009036458333333285 0.10164351851851851
0 0.7597239583333334 0.23002314814814817 0.014473958333333314 0.16349537037037035
0 0.750890625 0.3444444444444445 0.004958333333333324 0.09641203703703702
0 0.731765625 0.3485185185185185 0.004078124999999962 0.09550925925925924
0 0.7251770833333333 0.4953935185185185 0.01399479166666661 0.09631944444444447
0 0.728265625 0.15787037037037038 0.009989583333333248 0.10979166666666668
0 0.7242604166666666 0.23756944444444444 0.01419791666666678 0.16046296296296295
0 0.6943958333333333 0.17553240740740741 0.016307291666666637 0.11793981481481484
0 0.6984739583333333 0.3734259259259259 0.021744791666666666 0.09398148148148154
0 0.6922552083333334 0.7495833333333333 0.022218749999999923 0.0974074074074075
0 0.6798541666666666 0.3925925925925926 0.019838541666666744 0.09909722222222223
0 0.6740104166666666 0.14550925925925925 0.01086979166666661 0.04277777777777777
0 0.6675572916666667 0.20979166666666665 0.018343749999999895 0.14115740740740737
0 0.6794479166666666 0.2254861111111111 0.024458333333333353 0.1484027777777778
0 0.5828333333333333 0.29462962962962963 0.011281249999999925 0.04511574074074076
0 0.5225989583333334 0.6396990740740741 0.0117552083333333 0.05275462962962955
0 0.461515625 0.6258101851851853 0.015286458333333286 0.037083333333333295
0 0.43518749999999995 0.5720833333333333 0.012911458333333315 0.026226851851851814
0 0.43447395833333335 0.6003009259259259 0.014880208333333301 0.03738425925925921
0 0.40872395833333336 0.5681481481481482 0.008218749999999986 0.08481481481481479
0 0.42278645833333334 0.47969907407407403 0.0050937499999999854 0.03474537037037035
0 0.37067187500000004 0.4677777777777778 0.013656250000000014 0.044097222222222246
0 0.29134895833333335 0.17039351851851853 0.015354166666666676 0.1106712962962963
0 0.31003125 0.14081018518518518 0.010598958333333287 0.03944444444444443
0 0.3146510416666667 0.2069212962962963 0.01711979166666661 0.12935185185185183
0 0.30364583333333334 0.2211111111111111 0.0195677083333333 0.1396296296296296
0 0.2875416666666667 0.35453703703703704 0.021333333333333353 0.0803703703703703
0 0.30402083333333335 0.3732638888888889 0.018276041666666624 0.09365740740740736
0 0.30822916666666667 0.4051157407407407 0.02670312499999999 0.05166666666666665
0 0.29702083333333335 0.4544675925925926 0.030098958333333314 0.09300925925925928
0 0.25635416666666666 0.16175925925925924 0.010598958333333346 0.1054861111111111
0 0.26179166666666664 0.2340509259259259 0.013317708333333329 0.15648148148148147
0 0.25425000000000003 0.33777777777777773 0.005026041666666655 0.08909722222222224
0 0.23406770833333335 0.16115740740740742 0.009510416666666662 0.10428240740740742
0 0.22551041666666669 0.2367824074074074 0.014130208333333331 0.15587962962962965
0 0.23451041666666667 0.33777777777777773 0.009713541666666655 0.08909722222222224
0 0.22693750000000001 0.4820833333333333 0.015625 0.08780092592592594
0 0.19945312499999998 0.17671296296296296 0.01569270833333333 0.1142361111111111
0 0.179984375 0.15407407407407409 0.010057291666666638 0.03877314814814815
0 0.174515625 0.21518518518518517 0.018822916666666658 0.13384259259259257
0 0.18501562500000002 0.22907407407407407 0.022828125000000022 0.14953703703703702
0 0.182296875 0.4125 0.028265624999999992 0.06037037037037033
0 0.19303125000000002 0.4586805555555556 0.03071354166666668 0.09840277777777776
0 0.23954166666666668 0.7478935185185185 0.030640625000000022 0.048726851851851744
0 0.0905 0.63 0.009104166666666675 0.057546296296296325
0 0.07402604166666667 0.4928009259259259 0.012161458333333345 0.027731481481481524
0 0.12712500000000002 0.42215277777777777 0.013046875000000006 0.0313888888888889
0 0.07090104166666666 0.5204166666666666 0.00863020833333333 0.03768518518518512
0 0.05455729166666667 0.55875 0.009239583333333337 0.04791666666666664
0 0.20702604166666666 0.35604166666666665 0.014541666666666645 0.08335648148148146
0 0.99609375 0.9039351851851852 0.0078125 0.05324074074074074