2 0.8579843749999999 0.37692129629629634 0.06319270833333329 0.22763888888888886
2 0.8755208333333333 0.4378472222222222 0.060067708333333296 0.33405092592592595
2 0.13932291666666666 0.4000694444444445 0.04774479166666666 0.27388888888888885
2 0.25703125 0.7820138888888889 0.08871354166666666 0.4359490740740742
2 0.5981770833333333 0.6624305555555556 0.08697916666666666 0.6751388888888888
1 0.7410572916666667 0.539212962962963 0.1609375 0.8840046296296296
1 0.24618229166666666 0.5172453703703703 0.1590260416666667 0.8168981481481481
0 0.9426770833333333 0.6002083333333333 0.01671354166666674 0.03687499999999995
0 0.9231041666666666 0.4829629629629629 0.01275520833333322 0.03692129629629627
0 0.8823385416666666 0.3180324074074074 0.016989583333333277 0.044282407407407395
0 0.8102395833333333 0.1372685185185185 0.012973958333333258 0.04437499999999999
0 0.8160104166666666 0.20296296296296298 0.019020833333333324 0.14157407407407407
0 0.8035833333333334 0.21824074074074074 0.02276041666666657 0.15011574074074072
0 0.7887135416666666 0.16449074074074074 0.01555729166666661 0.12083333333333332
0 0.7531979166666667 0.1555787037037037 0.010499999999999924 0.10543981481481479
0 0.7602656250000001 0.23081018518518517 0.013083333333333277 0.15817129629629634
0 0.7528177083333334 0.34391203703703704 0.008630208333333418 0.09606481481481481
0 0.731375 0.3441666666666667 0.004234375000000057 0.09166666666666672
0 0.7280208333333333 0.15571759259259257 0.009619791666666563 0.11300925925925924
0 0.7238177083333334 0.2403472222222222 0.014953125000000018 0.1625462962962963
0 0.72453125 0.49462962962962964 0.013083333333333277 0.09939814814814814
0 0.6943489583333334 0.175 0.017593750000000106 0.1174074074074074
0 0.6733489583333333 0.14483796296296297 0.011875000000000096 0.044861111111111115
0 0.668015625 0.2106712962962963 0.017703124999999886 0.1398611111111111
0 0.6802760416666668 0.22409722222222223 0.023531249999999913 0.1520601851851852
0 0.6986354166666667 0.3715277777777778 0.020671875000000027 0.09750000000000002
0 0.6799999999999999 0.38912037037037034 0.019682291666666647 0.09358796296296298
0 0.6764270833333333 0.43699074074074074 0.029026041666666676 0.09162037037037034
0 0.6920416666666667 0.7505092592592594 0.02286979166666659 0.09560185185185174
0 0.6143593749999999 0.37032407407407403 0.0159427083333334 0.07067129629629637
0 0.5230677083333333 0.64 0.01314062500000001 0.05293981481481483
0 0.4618541666666667 0.6264583333333333 0.014953125000000018 0.03317129629629639
0 0.4436041666666667 0.5551157407407408 0.007588541666666633 0.046875
0 0.42252083333333335 0.4820833333333333 0.004453124999999976 0.04252314814814816
0 0.421171875 0.5144444444444445 0.00670833333333339 0.016851851851851788
0 0.42562500000000003 0.5364351851851852 0.014515624999999944 0.03150462962962966
0 0.42749479166666665 0.5636805555555555 0.009458333333333376 0.029768518518518552
0 0.4356302083333333 0.5765046296296297 0.014734374999999982 0.02365740740740747
0 0.43827083333333333 0.6021527777777778 0.015614583333333343 0.03097222222222221
0 0.4119895833333333 0.503587962962963 0.0136354166666667 0.036643518518518485
0 0.37081250000000004 0.4715740740740741 0.01374479166666672 0.04594907407407413
0 0.3831822916666667 0.5850462962962963 0.017593749999999984 0.03587962962962963
0 0.26066666666666666 0.5654861111111111 0.014458333333333328 0.07736111111111114
0 0.2871927083333333 0.35587962962962966 0.020781250000000046 0.08819444444444449
0 0.25459375 0.34194444444444444 0.005057291666666686 0.0945601851851852
0 0.2619635416666667 0.48083333333333333 0.013192708333333325 0.08643518518518513
0 0.3044322916666667 0.37467592592592597 0.018416666666666616 0.09162037037037034
0 0.3095416666666667 0.4046064814814815 0.025343750000000043 0.0610648148148148
0 0.2970364583333333 0.4505324074074074 0.030567708333333363 0.08449074074074074
0 0.29178645833333333 0.1723148148148148 0.015119791666666653 0.10956018518518516
0 0.30957291666666664 0.1440972222222222 0.011656250000000057 0.04092592592592594
0 0.3155104166666666 0.20638888888888887 0.01693229166666666 0.13127314814814817
0 0.30396354166666667 0.22275462962962964 0.020229166666666624 0.13958333333333328
0 0.2564635416666667 0.15752314814814813 0.008796874999999992 0.10199074074074074
0 0.26160416666666664 0.23703703703703705 0.01303124999999999 0.15592592592592597
0 0.23406249999999998 0.1597222222222222 0.009619791666666681 0.10150462962962961
0 0.22540104166666666 0.23837962962962964 0.01374479166666666 0.16106481481481486
0 0.23447395833333334 0.34402777777777777 0.008796874999999992 0.09627314814814819
0 0.22732812500000002 0.4868055555555556 0.016494791666666644 0.09594907407407405
0 0.19964583333333333 0.17548611111111112 0.015557291666666669 0.11101851851851853
0 0.17991145833333333 0.1524074074074074 0.010171874999999986 0.0379861111111111
0 0.1744375 0.2132175925925926 0.01847395833333335 0.13518518518518519
0 0.18587499999999998 0.2275 0.02155208333333333 0.1417824074074074
0 0.20758854166666665 0.36430555555555555 0.013302083333333315 0.08307870370370367
0 0.18609375 0.3844675925925926 0.019791666666666666 0.09162037037037034
0 0.18279687500000003 0.41194444444444445 0.028588541666666658 0.05618055555555551
0 0.192609375 0.4606712962962963 0.03007291666666667 0.09743055555555563
0 0.12815104166666666 0.4113425925925926 0.010557291666666658 0.027129629629629694
0 0.06069270833333333 0.5367824074074073 0.006489583333333338 0.041967592592592584
0 0.06152083333333334 0.5624305555555555 0.007036458333333329 0.049282407407407455
0 0.052171875 0.5822222222222223 0.01253645833333333 0.044861111111111164
0 0.07504166666666667 0.6530555555555556 0.014291666666666666 0.049722222222222265