2 0.8670156250000001 0.37076388888888884 0.05347395833333337 0.24615740740740738
2 0.6541666666666667 0.38657407407407407 0.058333333333333334 0.27004629629629623
2 0.35104166666666664 0.3977777777777778 0.04235937499999996 0.1612731481481482
2 0.3819427083333334 0.41935185185185186 0.0555572916666667 0.2661805555555556
2 0.2643229166666667 0.53125 0.08941145833333335 0.9375
1 0.2522552083333333 0.5002777777777778 0.16076562499999997 0.782962962962963
1 0.7592031250000001 0.5126157407407407 0.16076562500000005 0.869351851851852
2 0.7863697916666667 0.36574074074074076 0.05364583333333333 0.2746990740740741
0 0.94809375 0.5034027777777778 0.01015625 0.04250000000000003
0 0.9505520833333333 0.5335416666666667 0.01310416666666659 0.04743055555555558
0 0.9538593750000001 0.598287037037037 0.01644270833333342 0.04594907407407413
0 0.96575 0.6266898148148149 0.016244791666666696 0.035740740740740864
0 0.8935885416666667 0.4077777777777778 0.013166666666666771 0.04050925925925926
0 0.8284739583333334 0.12891203703703702 0.010677083333333334 0.05344907407407408
0 0.8326354166666667 0.19002314814814816 0.019651041666666678 0.14074074074074075
0 0.8208749999999999 0.20895833333333333 0.021682291666666725 0.14946759259259257
0 0.8073489583333333 0.14564814814814817 0.016244791666666696 0.11310185185185183
0 0.7737083333333333 0.13064814814814815 0.008583333333333342 0.10351851851851851
0 0.77740625 0.21928240740740743 0.015328124999999915 0.1613888888888889
0 0.7683333333333333 0.45055555555555554 0.0030781249999999242 0.10856481481481477
0 0.7493385416666667 0.31375 0.0043906249999999146 0.09118055555555553
0 0.747765625 0.12993055555555558 0.009104166666666675 0.10495370370370373
0 0.7401666666666666 0.21550925925925923 0.014869791666666762 0.1596296296296296
0 0.7084895833333333 0.5444212962962963 0.02161979166666678 0.0604861111111111
0 0.7197291666666668 0.6091898148148148 0.026401041666666694 0.07064814814814811
0 0.7112760416666667 0.1376388888888889 0.016052083333333418 0.11747685185185187
0 0.6917552083333334 0.11770833333333333 0.011072916666666781 0.05724537037037038
0 0.6975520833333333 0.1980324074074074 0.02201041666666678 0.14800925925925926
0 0.6849739583333334 0.1773611111111111 0.017817708333333352 0.13578703703703704
0 0.6230677083333334 0.37645833333333334 0.013234374999999925 0.03319444444444439
0 0.5781927083333334 0.4316203703703704 0.013890625000000038 0.029953703703703698
0 0.5780625 0.45402777777777775 0.013624999999999924 0.034027777777777754
0 0.5671875 0.45796296296296296 0.010218749999999943 0.04479166666666672
0 0.56171875 0.49217592592592596 0.009104166666666675 0.046226851851851915
0 0.4311875 0.5841898148148148 0.012838541666666713 0.031111111111111173
0 0.4373125 0.6042592592592593 0.010546875 0.04914351851851856
0 0.4020364583333333 0.3345833333333333 0.009432291666666615 0.06006944444444442
0 0.29793749999999997 0.19643518518518518 0.015458333333333367 0.11277777777777777
0 0.31772395833333333 0.18175925925925926 0.01047916666666661 0.05136574074074073
0 0.30963541666666666 0.25407407407407406 0.02246875000000005 0.1348842592592593
0 0.3215260416666667 0.239375 0.020703125 0.1316898148148148
0 0.2684270833333333 0.21738425925925925 0.01473958333333331 0.16634259259259263
0 0.24120833333333333 0.16136574074074073 0.01008854166666667 0.10377314814814816
0 0.23285416666666667 0.24430555555555553 0.013692708333333314 0.1474074074074074
0 0.23934375000000002 0.3448842592592593 0.009630208333333338 0.09523148148148144
0 0.20852083333333335 0.1648611111111111 0.014151041666666645 0.11076388888888887
0 0.19001041666666665 0.1463888888888889 0.01185937499999999 0.05925925925925928
0 0.18286979166666667 0.19527777777777777 0.014609374999999977 0.13375
0 0.19528645833333333 0.22162037037037036 0.019130208333333343 0.14856481481481484
0 0.142484375 0.360625 0.01310416666666665 0.02768518518518514
0 0.13134895833333332 0.3744444444444444 0.009171875000000006 0.03495370370370376
0 0.06950520833333333 0.4496759259259259 0.004062500000000006 0.031134259259259233
0 0.06993229166666667 0.49173611111111115 0.00426041666666667 0.030833333333333317
0 0.06390625 0.4637962962962963 0.010546874999999992 0.04481481481481485
0 0.048640625 0.5189583333333333 0.007531250000000004 0.02993055555555557