2 0.9135416666666667 0.4714120370370371 0.06319270833333329 0.31629629629629635
2 0.6141510416666667 0.5419907407407407 0.0633697916666667 0.3108564814814814
2 0.3683177083333333 0.4563888888888889 0.050869791666666705 0.21678240740740748
2 0.14791666666666667 0.5307870370370371 0.05972395833333333 0.45048611111111114
1 0.249046875 0.509537037037037 0.15607812499999998 0.8014814814814815
1 0.7565989583333333 0.5230324074074074 0.15902604166666662 0.8361805555555556
0 0.948703125 0.529537037037037 0.005661458333333276 0.04437500000000004
0 0.8472447916666667 0.41356481481481483 0.006744791666666572 0.07516203703703697
0 0.8331302083333333 0.19064814814814815 0.020984374999999982 0.13631944444444447
0 0.7584427083333334 0.3974537037037037 0.006494791666666563 0.06886574074074074
0 0.6847135416666668 0.17824074074074073 0.01890104166666665 0.14113425925925926
0 0.697328125 0.1980324074074074 0.021645833333333305 0.1547916666666667
0 0.6705208333333333 0.39541666666666664 0.007994791666666619 0.06479166666666669
0 0.33071875 0.4535185185185185 0.007828124999999986 0.06627314814814814
0 0.3100729166666667 0.2520601851851852 0.023145833333333362 0.1407407407407407
0 0.24775 0.4224537037037037 0.006744791666666691 0.06333333333333337
0 0.23276041666666666 0.2424537037037037 0.013406250000000005 0.1511111111111111
0 0.164484375 0.40541666666666665 0.006744791666666691 0.058888888888888886
0 0.13351041666666666 0.35916666666666663 0.01640104166666667 0.09222222222222216