2 0.6145833333333334 0.7723842592592592 0.09027604166666663 0.4552314814814814
2 0.377515625 0.8302546296296297 0.0796875 0.33949074074074065
1 0.265625 0.6296296296296297 0.1631927083333333 0.7407407407407407
1 0.7864583333333334 0.6045601851851852 0.1631927083333333 0.7908796296296295
0 0.980953125 0.6534027777777778 0.013984374999999953 0.04506944444444451
0 0.8759791666666668 0.48474537037037035 0.012515625000000105 0.02872685185185191
0 0.8888750000000001 0.48483796296296294 0.01380729166666678 0.026944444444444413
0 0.9029062499999999 0.508287037037037 0.010692708333333438 0.032268518518518516
0 0.9175156250000001 0.5211574074074073 0.013187500000000085 0.02236111111111117
0 0.9236197916666666 0.5378935185185185 0.008463541666666666 0.03798611111111117
0 0.9328385416666667 0.5524305555555555 0.013541666666666667 0.029467592592592635
0 0.9425729166666666 0.5529166666666667 0.005833333333333238 0.020578703703703672
0 0.9454010416666667 0.5740046296296296 0.013718750000000076 0.021157407407407375
0 0.949875 0.5890509259259259 0.01331770833333342 0.03539351851851857
0 0.8506979166666666 0.24743055555555557 0.011401041666666601 0.0490046296296296
0 0.85709375 0.3076851851851852 0.0175052083333334 0.13585648148148147
0 0.8444635416666666 0.3318287037037037 0.022093750000000037 0.13664351851851855
0 0.831078125 0.2684027777777778 0.01536979166666678 0.11472222222222227
0 0.8274479166666667 0.45652777777777775 0.02013541666666659 0.07918981481481477
0 0.8115208333333332 0.4918518518518518 0.005656250000000067 0.03701388888888891
0 0.8218593750000001 0.5145138888888889 0.01029166666666678 0.032847222222222215
0 0.7941302083333334 0.5746759259259259 0.005166666666666705 0.09972222222222225
0 0.7957552083333332 0.254537037037037 0.00930729166666661 0.10680555555555558
0 0.8016562500000001 0.33796296296296297 0.013541666666666667 0.15685185185185183
0 0.7937291666666667 0.4445601851851852 0.004812499999999886 0.09879629629629631
0 0.8023229166666667 0.5941898148148148 0.013984374999999953 0.08921296296296294
0 0.8219479166666667 0.6152546296296296 0.011802083333333258 0.04229166666666662
0 0.8454635416666666 0.4817592592592593 0.017864583333333427 0.0940277777777778
0 0.84971875 0.512037037037037 0.028598958333333258 0.05560185185185181
0 0.837828125 0.5647916666666667 0.03064583333333341 0.0957638888888889
0 0.8438385416666667 0.6290046296296297 0.018619791666666666 0.10344907407407414
0 0.7713645833333334 0.2569212962962963 0.009088541666666571 0.1036574074074074
0 0.7670260416666667 0.3405324074074074 0.014208333333333437 0.15803240740740737
0 0.7746875000000001 0.44256944444444446 0.004588541666666638 0.09483796296296303
0 0.7682239583333333 0.5924074074074074 0.013942708333333324 0.08960648148148144
0 0.736 0.26949074074074075 0.016749999999999925 0.11493055555555556
0 0.7163125 0.24861111111111112 0.011223958333333428 0.04743055555555558
0 0.7228125 0.32796296296296296 0.02244791666666662 0.14675925925925923
0 0.7107864583333333 0.3122453703703703 0.019776041666666563 0.13706018518518517
0 0.7114114583333334 0.48217592592592595 0.013895833333333248 0.02356481481481483
0 0.6786927083333333 0.4995833333333333 0.013052083333333304 0.02671296296296301
0 0.672125 0.5249074074074074 0.006593749999999924 0.03780092592592589
0 0.7242604166666666 0.4832407407407407 0.01955729166666676 0.09106481481481489
0 0.7202500000000001 0.5168055555555555 0.029354166666666733 0.05719907407407403
0 0.7140364583333334 0.5633101851851852 0.007572916666666648 0.03539351851851857
0 0.7316979166666666 0.5667592592592593 0.029979166666666637 0.09972222222222218
0 0.7478489583333333 0.6199305555555555 0.011223958333333428 0.049351851851851966
0 0.7301614583333333 0.6056712962962962 0.009531250000000095 0.040902777777777746
0 0.7261979166666667 0.6290046296296297 0.01853124999999996 0.10344907407407414
0 0.723171875 0.6767129629629629 0.028510416666666552 0.06819444444444453
0 0.73428125 0.7311342592592593 0.02980208333333323 0.09388888888888876
0 0.74071875 0.4688888888888889 0.02263020833333324 0.08810185185185186
0 0.7790520833333333 0.5227314814814815 0.011536458333333381 0.029490740740740762
0 0.7615468750000001 0.5098842592592593 0.009489583333333228 0.023541666666666704
0 0.7590260416666667 0.5395601851851852 0.015588541666666582 0.035416666666666693
0 0.699140625 0.8034259259259259 0.016078124999999943 0.06620370370370375
0 0.6157968749999999 0.5007870370370371 0.010203125000000075 0.07268518518518513
0 0.60846875 0.5775925925925927 0.012026041666666742 0.036226851851851864
0 0.4680677083333334 0.7252314814814815 0.010958333333333315 0.0504166666666666
0 0.4525677083333333 0.6734027777777778 0.013364583333333376 0.025902777777777903
0 0.444859375 0.6455787037037036 0.013093750000000052 0.031643518518518425
0 0.4361302083333333 0.6490277777777778 0.008109374999999967 0.04055555555555551
0 0.43140625 0.622824074074074 0.012916666666666642 0.029675925925926043
0 0.435171875 0.5217824074074074 0.014656250000000053 0.043402777777777776
0 0.41109375 0.5981712962962964 0.012828125000000056 0.03780092592592595
0 0.38644270833333333 0.565324074074074 0.012963541666666719 0.035462962962962946
0 0.35040625 0.6940740740740741 0.016171874999999978 0.041527777777777906
0 0.3418072916666667 0.555625 0.014119791666666614 0.025949074074074027
0 0.33278645833333337 0.30831018518518516 0.012114583333333328 0.042106481481481474
0 0.32819791666666664 0.3919212962962963 0.021645833333333305 0.14398148148148146
0 0.32626041666666666 0.550462962962963 0.01910937500000003 0.10076388888888882
0 0.31316666666666665 0.3348148148148148 0.016526041666666675 0.11097222222222222
0 0.3092239583333333 0.5212731481481482 0.021557291666666718 0.08
0 0.27875520833333334 0.3190972222222222 0.00944270833333339 0.10604166666666667
0 0.28091666666666665 0.5503703703703704 0.01260416666666669 0.03129629629629625
0 0.27802083333333333 0.5044444444444444 0.009489583333333348 0.09782407407407405
0 0.2522760416666667 0.31354166666666666 0.009666666666666638 0.10604166666666667
0 0.24721875000000001 0.40032407407407405 0.013364583333333317 0.15881944444444449
0 0.25526041666666666 0.5035648148148147 0.004052083333333319 0.09009259259259263
0 0.21882291666666667 0.3302777777777778 0.01626041666666668 0.11374999999999996
0 0.19893229166666665 0.30921296296296297 0.012114583333333328 0.049837962962963
0 0.20556770833333332 0.3896527777777778 0.022718750000000003 0.1453703703703704
0 0.19309895833333332 0.3715277777777778 0.019156249999999986 0.13886574074074076
0 0.22855729166666666 0.7952777777777778 0.024140625000000013 0.07173611111111113
0 0.25781770833333334 0.8292361111111112 0.030109374999999973 0.07824074074074064
0 0.34465625 0.9820601851851852 0.011802083333333376 0.03150462962962966
0 0.18772916666666667 0.7592824074074074 0.01910937499999997 0.05912037037037029
0 0.16269791666666666 0.6548842592592593 0.013583333333333355 0.03837962962962972
0 0.1596875 0.7474074074074074 0.01959895833333333 0.05120370370370372
0 0.0709375 0.6698148148148149 0.010468750000000004 0.03856481481481474
0 0.07334375 0.7014814814814815 0.015276041666666658 0.03062500000000004
0 0.059911458333333334 0.7045601851851852 0.011135416666666665 0.03083333333333345
0 0.058687500000000004 0.7303935185185184 0.013583333333333326 0.04881944444444452