2 0.6428802083333333 0.5157407407407407 0.07395833333333333 0.5669675925925926
2 0.7180572916666667 0.43557870370370366 0.04027604166666663 0.0980092592592592
2 0.7291666666666666 0.6740046296296297 0.09722395833333337 0.6519907407407407
2 0.3328125 0.37733796296296296 0.04409895833333337 0.1589814814814815
2 0.36380208333333336 0.38465277777777773 0.04183854166666663 0.24305555555555555
2 0.3987864583333333 0.720300925925926 0.09270833333333334 0.559398148148148
1 0.24409895833333334 0.523425925925926 0.16180729166666666 0.8292361111111112
1 0.7426197916666666 0.5299768518518518 0.16753645833333336 0.8654861111111111
0 0.9463697916666667 0.5604166666666667 0.014614583333333304 0.02895833333333331
0 0.8741302083333333 0.43444444444444447 0.014427083333333238 0.036018518518518526
0 0.8066302083333333 0.17516203703703703 0.016786458333333344 0.11761574074074074
0 0.8153489583333333 0.20516203703703703 0.02081250000000002 0.13650462962962961
0 0.7881770833333334 0.1659027777777778 0.015953125000000058 0.11145833333333334
0 0.7530520833333333 0.15655092592592593 0.009989583333333248 0.10715277777777776
0 0.7599427083333333 0.23247685185185188 0.0135989583333334 0.16238425925925923
0 0.6920520833333333 0.7506018518518518 0.023494791666666733 0.09486111111111116
0 0.6938333333333334 0.1738888888888889 0.016416666666666656 0.11511574074074071
0 0.6735052083333334 0.14525462962962962 0.010453125000000086 0.039305555555555545
0 0.6678177083333333 0.21016203703703706 0.016651041666666564 0.13627314814814817
0 0.6796822916666667 0.22587962962962962 0.0214114583333334 0.149212962962963
0 0.522 0.6423148148148149 0.01313541666666668 0.05710648148148139
0 0.42397395833333335 0.5125462962962962 0.01040625000000001 0.027777777777777776
0 0.42899479166666665 0.5422453703703703 0.014427083333333358 0.04400462962962961
0 0.4346614583333333 0.5754166666666667 0.014197916666666663 0.02199074074074074
0 0.43472916666666667 0.6023379629629629 0.014796875000000043 0.030601851851851915
0 0.39345312499999996 0.5230092592592592 0.02797916666666668 0.07750000000000004
0 0.31675 0.5673842592592593 0.007770833333333371 0.05523148148148151
0 0.29140625 0.1701388888888889 0.015817708333333277 0.11171296296296294
0 0.309859375 0.1420833333333333 0.011098958333333304 0.04122685185185184
0 0.31469270833333335 0.2062962962962963 0.016604166666666722 0.13469907407407408
0 0.3031770833333333 0.21986111111111112 0.020395833333333377 0.1371527777777778
0 0.29654166666666665 0.4521759259259259 0.03070833333333335 0.09819444444444449
0 0.25709375 0.15812500000000002 0.009619791666666681 0.09793981481481483
0 0.2617864583333333 0.23474537037037035 0.013921875000000009 0.15666666666666668
0 0.23313541666666668 0.1595601851851852 0.009802083333333359 0.10493055555555554
0 0.19953645833333333 0.17671296296296296 0.01604687499999997 0.11333333333333336
0 0.17997395833333335 0.15442129629629628 0.010776041666666696 0.041226851851851855
0 0.185453125 0.22724537037037038 0.02312499999999999 0.14372685185185186
0 0.17382291666666666 0.2145138888888889 0.01789583333333334 0.13469907407407408
0 0.203859375 0.3805555555555556 0.006291666666666688 0.031041666666666724
0 0.19315625 0.4606018518518518 0.030661458333333336 0.10270833333333335
0 0.11615104166666666 0.42814814814814817 0.012625000000000004 0.03370370370370371
0 0.07055208333333333 0.519375 0.00883333333333333 0.05173611111111116
0 0.05369270833333333 0.5593518518518518 0.010729166666666663 0.04738425925925932
0 0.036119791666666665 0.6847453703703704 0.008880208333333335 0.05974537037037025
0 0.015562499999999998 0.8618981481481481 0.008463541666666664 0.07694444444444447
0 0.23930729166666667 0.7490509259259258 0.03093749999999999 0.052708333333333295
0 0.324890625 0.33310185185185187 0.012947916666666615 0.04298611111111109