2 0.947046875 0.6654166666666667 0.06423437499999997 0.2799305555555555
2 0.9064218749999999 0.6978009259259259 0.07326562500000004 0.4989814814814815
2 0.6782135416666667 0.6422685185185185 0.08385416666666666 0.4187962962962962
2 0.16475520833333332 0.49650462962962966 0.05520833333333333 0.20442129629629624
2 0.34444270833333335 0.5805324074074074 0.05694270833333329 0.5731018518518518
2 0.44913020833333334 0.8379629629629629 0.08923437499999996 0.32407407407407407
1 0.2628489583333334 0.6277083333333334 0.16458333333333336 0.7445833333333333
1 0.7849843750000001 0.5987731481481482 0.16892187499999997 0.8024537037037036
0 0.9409322916666666 0.5615046296296297 0.007385416666666581 0.03187499999999996
0 0.943640625 0.5900694444444445 0.011739583333333314 0.03706018518518523
0 0.917984375 0.520787037037037 0.012484374999999897 0.0189351851851852
0 0.902765625 0.5034490740740741 0.01019791666666663 0.0196527777777778
0 0.8851302083333333 0.5062731481481482 0.008921875000000056 0.025300925925925942
0 0.8760208333333334 0.48256944444444444 0.013546875000000114 0.027453703703703734
0 0.8804062500000001 0.6040972222222223 0.006906250000000114 0.04861111111111111
0 0.8507395833333333 0.24983796296296298 0.011843749999999886 0.05067129629629626
0 0.8569791666666667 0.3064583333333333 0.018484374999999886 0.1356018518518518
0 0.844578125 0.32983796296296297 0.02161979166666678 0.13983796296296291
0 0.8311927083333334 0.26694444444444443 0.015244791666666656 0.11083333333333333
0 0.8277135416666667 0.45622685185185186 0.020505208333333278 0.07391203703703705
0 0.81121875 0.491875 0.005046875000000029 0.036597222222222225
0 0.821578125 0.5160648148148148 0.009828124999999943 0.035416666666666693
0 0.8454010416666667 0.4819444444444444 0.018697916666666713 0.09231481481481481
0 0.8494635416666667 0.5296296296296297 0.02841666666666664 0.09324074074074068
0 0.7953645833333333 0.25289351851851855 0.009984375000000038 0.09928240740740737
0 0.80184375 0.33796296296296297 0.014447916666666553 0.15375000000000003
0 0.7938802083333333 0.44277777777777777 0.004463541666666752 0.10270833333333335
0 0.802375 0.5925231481481481 0.013385416666666572 0.09391203703703702
0 0.7797499999999999 0.5241898148148147 0.01328125 0.03046296296296302
0 0.7711197916666667 0.25810185185185186 0.009296874999999953 0.1096527777777778
0 0.766921875 0.3398611111111111 0.014713541666666666 0.15752314814814816
0 0.7617447916666666 0.5060185185185185 0.01019791666666663 0.01773148148148154
0 0.7616354166666667 0.5245601851851852 0.009984375000000038 0.024074074074074022
0 0.7361406250000001 0.27094907407407404 0.016359374999999923 0.11414351851851849
0 0.7411093750000001 0.46307870370370374 0.02257291666666674 0.07344907407407411
0 0.7157447916666667 0.24465277777777777 0.011687500000000028 0.040277777777777794
0 0.7111770833333334 0.3139120370370371 0.019546875000000106 0.1339351851851852
0 0.7233906250000001 0.32618055555555553 0.022734375000000046 0.14902777777777776
0 0.7117083333333334 0.4833796296296296 0.014234374999999962 0.029050925925925952
0 0.7234479166666666 0.48453703703703704 0.019651041666666678 0.09277777777777774
0 0.7199947916666667 0.5194675925925926 0.02868229166666675 0.058773148148148116
0 0.7313333333333334 0.5682175925925926 0.03064583333333341 0.0972222222222223
0 0.7424322916666667 0.621087962962963 0.01991666666666655 0.04243055555555565
0 0.7686458333333334 0.5916898148148149 0.015510416666666771 0.08988425925925929
0 0.7754739583333333 0.5932407407407406 0.003135416666666657 0.052847222222222254
0 0.6081822916666667 0.5803703703703703 0.011687500000000028 0.041273148148148114
0 0.58321875 0.6990740740740741 0.01275000000000001 0.047361111111111194
0 0.34479166666666666 0.9884259259259259 0.028125 0.023148148148148147
0 0.375375 0.7808796296296295 0.018270833333333295 0.03861111111111099
0 0.4703177083333333 0.7352083333333334 0.006854166666666709 0.029907407407407313
0 0.44320312500000003 0.6505787037037037 0.008390624999999948 0.023541666666666572
0 0.45265625000000004 0.653888888888889 0.01030208333333332 0.020717592592592697
0 0.45271354166666666 0.6741898148148148 0.01359895833333328 0.023541666666666572
0 0.4339635416666667 0.6254629629629629 0.01328125 0.022847222222222234
0 0.43438541666666663 0.6516435185185185 0.007755208333333386 0.03275462962962958
0 0.410109375 0.5992592592592593 0.01338541666666669 0.031828703703703706
0 0.3852291666666667 0.5682175925925926 0.013015625000000005 0.03349537037037043
0 0.3506197916666667 0.6934259259259259 0.015510416666666653 0.045462962962962934
0 0.326984375 0.5489814814814815 0.018697916666666713 0.09652777777777775
0 0.3300677083333333 0.3464814814814815 0.016359375000000044 0.1070138888888889
0 0.3134375 0.33349537037037036 0.013916666666666681 0.1141203703703704
0 0.30244270833333337 0.3658333333333333 0.009984375000000038 0.0678240740740741
0 0.25296875 0.3150925925925926 0.009828125000000002 0.10796296296296293
0 0.24741666666666667 0.3997916666666667 0.014130208333333331 0.15937499999999993
0 0.21862499999999999 0.33101851851851855 0.01604166666666664 0.11386574074074074
0 0.19828125 0.3000925925925926 0.010411458333333339 0.026064814814814794
0 0.193078125 0.3721759259259259 0.019119791666666684 0.13483796296296297
0 0.20606770833333332 0.3884722222222222 0.021192708333333362 0.1437962962962963
0 0.28082812500000004 0.5522685185185185 0.011895833333333291 0.029953703703703698
0 0.25804166666666667 0.8289814814814815 0.031125000000000024 0.08053240740740732
0 0.22871875 0.7940509259259259 0.02401041666666668 0.06733796296296303
0 0.18797916666666667 0.7585416666666667 0.019015624999999994 0.052962962962962955
0 0.15446354166666668 0.7268055555555556 0.018911458333333363 0.04849537037037047
0 0.070484375 0.6698379629629629 0.00977083333333333 0.03842592592592598
0 0.07325 0.7005092592592592 0.015296875000000003 0.033703703703703576
0 0.05965104166666667 0.7062962962962963 0.011473958333333334 0.03344907407407418
0 0.05869270833333333 0.7329629629629629 0.013812500000000005 0.04430555555555552
0 0.27825 0.31615740740740744 0.009401041666666643 0.10305555555555555