2 0.9448802083333334 0.6033333333333333 0.0616302083333333 0.19432870370370375
2 0.8764739583333333 0.5358333333333333 0.06371354166666662 0.32937500000000003
2 0.5704010416666667 0.7244444444444444 0.05920312500000004 0.20506944444444453
2 0.4618072916666666 0.723287037037037 0.0555572916666667 0.2567592592592592
2 0.40790104166666663 0.7271527777777778 0.0397552083333333 0.24902777777777788
2 0.11883854166666664 0.5358333333333333 0.04843749999999999 0.23680555555555557
1 0.266234375 0.6296296296296297 0.16614583333333335 0.7407407407407407
1 0.7842864583333333 0.5929861111111111 0.16753645833333336 0.8140277777777777
0 0.924859375 0.5414814814814815 0.011229166666666639 0.037222222222222184
0 0.9175677083333333 0.5249305555555556 0.013401041666666676 0.026203703703703687
0 0.9025520833333334 0.5074305555555556 0.010671874999999886 0.0325462962962963
0 0.9006927083333333 0.5442361111111111 0.009432291666666733 0.04273148148148143
0 0.8877864583333334 0.4846759259259259 0.008437499999999905 0.022916666666666613
0 0.8755624999999999 0.4849537037037037 0.012531249999999971 0.028981481481481438
0 0.8507447916666667 0.24895833333333334 0.011911458333333276 0.05337962962962964
0 0.8568854166666667 0.30657407407407405 0.017994791666666763 0.14101851851851854
0 0.8448177083333334 0.3315046296296296 0.021781250000000085 0.14402777777777775
0 0.8311979166666668 0.26645833333333335 0.01625520833333335 0.11319444444444446
0 0.8277864583333333 0.4572453703703704 0.020598958333333427 0.07557870370370365
0 0.8446614583333333 0.48300925925925925 0.019609375000000047 0.09680555555555553
0 0.8496875 0.511550925925926 0.02841666666666664 0.05736111111111105
0 0.8382708333333333 0.5647685185185185 0.03040104166666661 0.1031018518518519
0 0.821984375 0.5995138888888889 0.008374999999999962 0.05124999999999997
0 0.8018489583333334 0.5928703703703704 0.013401041666666676 0.0931712962962963
0 0.7683125000000001 0.5921990740740741 0.013958333333333428 0.09453703703703698
0 0.7954583333333333 0.25516203703703705 0.010302083333333437 0.10712962962962963
0 0.8022239583333334 0.3390972222222222 0.014145833333333257 0.1619444444444444
0 0.81090625 0.4899074074074074 0.005708333333333353 0.03668981481481487
0 0.8215833333333333 0.513912037037037 0.010671874999999886 0.03724537037037031
0 0.79378125 0.44289351851851855 0.004713541666666762 0.10206018518518513
0 0.7710104166666666 0.2569444444444444 0.010052083333333428 0.10796296296296293
0 0.7669166666666667 0.34074074074074073 0.01427083333333338 0.1542361111111111
0 0.7801041666666666 0.5253472222222222 0.012718750000000037 0.029791666666666678
0 0.761765625 0.517337962962963 0.010177083333333314 0.04136574074074075
0 0.735796875 0.27238425925925924 0.01594791666666661 0.11675925925925922
0 0.7160364583333333 0.24523148148148147 0.0117916666666666 0.04317129629629631
0 0.723421875 0.32766203703703706 0.02283333333333341 0.14733796296296295
0 0.7111666666666667 0.3111111111111111 0.020041666666666676 0.1363194444444444
0 0.7412291666666667 0.4653703703703704 0.022463541666666722 0.07254629629629623
0 0.75109375 0.6190740740740741 0.01613020833333323 0.04076388888888892
0 0.7111041666666666 0.4820601851851852 0.013713541666666629 0.025949074074074027
0 0.7238541666666667 0.48356481481481484 0.019979166666666732 0.0979166666666667
0 0.7201302083333334 0.5194212962962963 0.029906250000000037 0.059282407407407436
0 0.731515625 0.5666898148148148 0.030963541666666573 0.09041666666666674
0 0.7334114583333334 0.6145370370370371 0.004343750000000076 0.034421296296296304
0 0.7259322916666666 0.6324305555555555 0.019791666666666666 0.10884259259259255
0 0.6785572916666667 0.5001157407407407 0.013776041666666572 0.03173611111111106
0 0.6684791666666666 0.5868287037037037 0.009119791666666781 0.04793981481481483
0 0.6080416666666667 0.5800694444444445 0.012348958333333352 0.03995370370370375
0 0.6271822916666667 0.6083333333333334 0.007817708333333447 0.049583333333333306
0 0.49008854166666665 0.810138888888889 0.009739583333333357 0.05613425925925926
0 0.4415677083333333 0.6429398148148148 0.00763020833333338 0.03333333333333328
0 0.4366041666666666 0.6509259259259259 0.00763020833333338 0.032777777777777704
0 0.43222916666666666 0.6257175925925926 0.011911458333333276 0.034722222222222224
0 0.4087760416666667 0.5946990740740742 0.009677083333333296 0.030601851851851915
0 0.38653125 0.565462962962963 0.012968750000000048 0.03833333333333334
0 0.3504791666666666 0.6928472222222223 0.016567708333333306 0.050393518518518476
0 0.34453125 0.9872685185185185 0.027604166666666666 0.02546296296296296
0 0.3333541666666667 0.551412037037037 0.0058958333333333 0.02009259259259261
0 0.32733333333333337 0.5461574074074074 0.020536458333333365 0.09625000000000003
0 0.30527604166666666 0.5243981481481481 0.013651041666666686 0.0802777777777778
0 0.330625 0.34351851851851856 0.016567708333333306 0.11567129629629626
0 0.31337499999999996 0.33375 0.016812499999999987 0.11539351851851853
0 0.27868750000000003 0.31747685185185187 0.009739583333333357 0.10162037037037035
0 0.280859375 0.5496064814814815 0.012593750000000034 0.0369444444444444
0 0.25272395833333333 0.31361111111111106 0.01030208333333332 0.10546296296296297
0 0.24707812499999998 0.40002314814814816 0.015140625000000026 0.1597222222222222
0 0.25746875 0.8295833333333333 0.030343750000000023 0.08118055555555567
0 0.22873958333333333 0.7926388888888889 0.023765625 0.07349537037037036
0 0.21909375 0.32835648148148144 0.01625520833333335 0.11564814814814814
0 0.19914583333333333 0.30465277777777783 0.010484374999999997 0.04618055555555553
0 0.19315625 0.3717824074074074 0.01836458333333333 0.1390509259259259
0 0.20525520833333333 0.388587962962963 0.021468750000000016 0.14511574074074074
0 0.18797395833333336 0.7592824074074074 0.019791666666666666 0.056412037037037045
0 0.15971354166666665 0.7460416666666667 0.019729166666666666 0.05199074074074082
0 0.07166666666666667 0.6684259259259259 0.011166666666666665 0.03743055555555546
0 0.07361979166666667 0.7011111111111111 0.01569791666666666 0.03381944444444448
0 0.05969270833333333 0.7053703703703704 0.010796874999999994 0.034097222222222265
0 0.05832291666666667 0.7303240740740741 0.013031250000000005 0.048148148148148044