2 0.9378489583333334 0.8553240740740741 0.11875 0.28935185185185186
2 0.9177968750000001 0.40817129629629634 0.05607812500000004 0.2515277777777778
2 0.36788020833333335 0.4359490740740741 0.04479166666666667 0.18363425925925922
2 0.404859375 0.4733564814814815 0.05277604166666663 0.2507175925925925
2 0.17821354166666667 0.3680555555555556 0.0421875 0.23303240740740744
1 0.24661458333333333 0.5403703703703704 0.15121354166666662 0.8940277777777779
1 0.7579843749999999 0.5068287037037037 0.1618072916666667 0.8809259259259261
0 0.9484947916666666 0.5274305555555555 0.006567708333333399 0.04499999999999999
0 0.8664010416666666 0.3797685185185185 0.013624999999999924 0.03062500000000004
0 0.8278541666666667 0.12340277777777778 0.012031249999999953 0.041689814814814825
0 0.8325833333333333 0.18953703703703703 0.01779687500000004 0.13844907407407409
0 0.820859375 0.2114814814814815 0.02258854166666661 0.14689814814814817
0 0.807296875 0.1479398148148148 0.016328124999999954 0.11256944444444443
0 0.7740885416666666 0.13006944444444443 0.010067708333333295 0.10685185185185185
0 0.720078125 0.6082638888888888 0.027250000000000087 0.06210648148148151
0 0.6905833333333333 0.11546296296296298 0.011843749999999886 0.05305555555555556
0 0.685 0.17981481481481484 0.019088541666666715 0.13810185185185184
0 0.6979791666666666 0.1962962962962963 0.021114583333333315 0.14655092592592592
0 0.6424375 0.3578935185185185 0.013135416666666563 0.03055555555555553
0 0.5852604166666667 0.4300231481481482 0.01356249999999998 0.041157407407407476
0 0.43666666666666665 0.600949074074074 0.00976041666666667 0.04747685185185183
0 0.38753645833333333 0.4723611111111111 0.007854166666666629 0.02215277777777776
0 0.35534375 0.42571759259259256 0.012828125000000056 0.0325462962962963
0 0.32226041666666666 0.2399537037037037 0.019703124999999964 0.12747685185185184
0 0.309984375 0.25305555555555553 0.02215624999999998 0.14275462962962968
0 0.2409375 0.1600462962962963 0.010494791666666654 0.10131944444444446
0 0.23292708333333334 0.2403472222222222 0.012276041666666692 0.1500925925925926
0 0.20831249999999998 0.1649537037037037 0.013380208333333362 0.11113425925925924
0 0.19174479166666666 0.17368055555555556 0.014609374999999977 0.11766203703703702
0 0.12115625000000001 0.3797222222222222 0.011536458333333322 0.03055555555555553
0 0.05106770833333333 0.5227546296296297 0.01129166666666667 0.03020833333333336