2 0.8815989583333333 0.3892824074074074 0.04097395833333337 0.19060185185185183
2 0.8426197916666667 0.39969907407407407 0.05503645833333337 0.21912037037037038
2 0.5863697916666666 0.4131944444444444 0.05642187499999996 0.25384259259259256
2 0.33368229166666663 0.40199074074074076 0.05625 0.3009027777777778
2 0.136890625 0.4475 0.06371354166666668 0.31476851851851856
2 0.10139062499999998 0.6935648148148148 0.07083333333333332 0.45192129629629635
1 0.24296875 0.5149305555555556 0.16128645833333338 0.8277083333333335
1 0.7394947916666667 0.5322685185185185 0.16822916666666668 0.8855324074074076
0 0.9463385416666666 0.5594675925925926 0.01495833333333323 0.031226851851851874
0 0.9177083333333333 0.4731944444444444 0.014020833333333371 0.0411805555555556
0 0.9084114583333334 0.44333333333333336 0.00774479166666661 0.06752314814814818
0 0.7886875 0.1670601851851852 0.01583854166666659 0.109375
0 0.8075729166666666 0.1746064814814815 0.018421874999999942 0.1192824074074074
0 0.8150520833333333 0.2019675925925926 0.019885416666666583 0.1375
0 0.7535208333333333 0.15833333333333335 0.0106197916666666 0.11016203703703704
0 0.7596770833333333 0.2311574074074074 0.014723958333333323 0.16460648148148144
0 0.7525520833333333 0.34858796296296296 0.009270833333333428 0.10483796296296298
0 0.7279739583333333 0.15715277777777778 0.010557291666666658 0.11041666666666669
0 0.7238072916666667 0.23703703703703705 0.015135416666666639 0.1632870370370371
0 0.6945364583333333 0.1746064814814815 0.016427083333333314 0.1192824074074074
0 0.6733333333333333 0.1436111111111111 0.010968749999999972 0.04162037037037038
0 0.6682552083333333 0.2105787037037037 0.01783333333333322 0.13907407407407404
0 0.6797239583333333 0.2250462962962963 0.0225833333333334 0.14974537037037036
0 0.6976145833333334 0.3695833333333333 0.021999999999999888 0.09206018518518515
0 0.6919583333333333 0.7509027777777777 0.022994791666666715 0.0986342592592593
0 0.52271875 0.6409259259259259 0.013020833333333334 0.06118055555555544
0 0.43467187500000004 0.4975694444444444 0.008213541666666657 0.06648148148148154
0 0.442765625 0.5610416666666667 0.012671874999999963 0.02916666666666672
0 0.43549479166666666 0.5757638888888889 0.014546875000000034 0.024745370370370365
0 0.43481770833333333 0.6018287037037037 0.014958333333333348 0.03513888888888884
0 0.4114114583333333 0.46891203703703704 0.006864583333333367 0.029999999999999954
0 0.40759895833333337 0.48518518518518516 0.007447916666666643 0.03912037037037032
0 0.4090989583333334 0.5696296296296297 0.008682291666666704 0.0828703703703704
0 0.29206770833333334 0.16953703703703701 0.015135416666666639 0.10912037037037038
0 0.3092552083333333 0.1396990740740741 0.01079166666666668 0.031203703703703713
0 0.3150364583333333 0.20472222222222222 0.017067708333333324 0.13254629629629627
0 0.3037708333333333 0.22217592592592594 0.020354166666666628 0.14141203703703706
0 0.25655208333333335 0.16002314814814814 0.009208333333333308 0.10312500000000001
0 0.26177083333333334 0.23416666666666666 0.013786458333333347 0.1549537037037037
0 0.28719791666666666 0.357337962962963 0.020645833333333384 0.0753935185185185
0 0.30397916666666663 0.3732175925925926 0.01900520833333334 0.09155092592592595
0 0.3090833333333334 0.4078935185185185 0.025692708333333297 0.06180555555555553
0 0.29711458333333335 0.4548148148148148 0.029916666666666696 0.09305555555555553
0 0.23308854166666665 0.1605324074074074 0.009796874999999972 0.10416666666666667
0 0.22548958333333333 0.23664351851851853 0.014546874999999975 0.15208333333333338
0 0.19991666666666666 0.17564814814814814 0.015015625000000022 0.11354166666666668
0 0.17967708333333335 0.15571759259259257 0.010911458333333356 0.04499999999999999
0 0.17395833333333333 0.21291666666666667 0.017656249999999988 0.13071759259259258
0 0.18613020833333332 0.22974537037037038 0.021468750000000016 0.14087962962962966
0 0.203875 0.37962962962962965 0.0047500000000000025 0.02872685185185191
0 0.1818489583333333 0.4124537037037037 0.028156249999999973 0.06310185185185183
0 0.19293229166666667 0.46092592592592596 0.030385416666666682 0.09750000000000002
0 0.2392760416666667 0.7485648148148148 0.03155729166666668 0.04962962962962975
0 0.07400000000000001 0.4937962962962963 0.012494791666666671 0.032847222222222215
0 0.07144791666666667 0.5184027777777778 0.009151041666666663 0.048217592592592555
0 0.05431770833333334 0.5572453703703704 0.01008854166666667 0.04766203703703698
0 0.03613541666666666 0.6835185185185184 0.008916666666666668 0.05775462962962973
0 0.015572916666666665 0.8607870370370371 0.008270833333333333 0.07594907407407395