2 0.891234375 0.39041666666666663 0.04808854166666663 0.2623379629629629
2 0.8480052083333334 0.37076388888888884 0.0484375 0.2153009259259259
2 0.35946354166666666 0.6792824074074074 0.0921875 0.492824074074074
2 0.22378645833333335 0.6238425925925926 0.08298437500000003 0.7523148148148148
2 0.13402604166666665 0.49148148148148146 0.06666666666666667 0.3255324074074074
1 0.2446197916666667 0.5303472222222223 0.15937500000000002 0.8276851851851851
1 0.7420156250000001 0.5280324074074074 0.16458333333333333 0.8693518518518517
0 0.315625 0.40587962962962965 0.020140625000000037 0.07719907407407413
0 0.2965260416666667 0.44907407407407407 0.030557291666666705 0.10185185185185185
0 0.42178645833333334 0.5111805555555556 0.011979166666666667 0.03317129629629626
0 0.9476197916666667 0.559837962962963 0.014286458333333248 0.04030092592592598
0 0.806546875 0.17798611111111112 0.01785937499999998 0.11655092592592592
0 0.8139895833333333 0.20805555555555555 0.020833333333333332 0.13041666666666668
0 0.7892135416666667 0.15650462962962963 0.014432291666666685 0.1066435185185185
0 0.7532760416666666 0.15483796296296296 0.0125 0.1099537037037037
0 0.7279010416666666 0.15814814814814812 0.0108645833333334 0.10333333333333332
0 0.6941979166666666 0.17335648148148147 0.01636979166666658 0.12050925925925926
0 0.671875 0.14525462962962962 0.013390625000000019 0.04449074074074074
0 0.6796875 0.22590277777777779 0.021578124999999913 0.15289351851851854
0 0.6681562499999999 0.2179861111111111 0.020833333333333332 0.13701388888888888
0 0.5220989583333333 0.6391666666666667 0.012947916666666615 0.06671296296296308
0 0.42738020833333334 0.5386805555555556 0.015473958333333352 0.05087962962962967
0 0.42536979166666666 0.5502546296296297 0.015921874999999967 0.05418981481481487
0 0.4359375 0.5750462962962962 0.016218750000000053 0.031041666666666724
0 0.435046875 0.5981712962962964 0.014432291666666685 0.03763888888888887
0 0.40930208333333334 0.5697453703703703 0.007588541666666633 0.0997916666666667
0 0.3163697916666666 0.5654398148148149 0.0077395833333332815 0.0713657407407407
0 0.30952604166666664 0.13930555555555554 0.011906249999999948 0.0458101851851852
0 0.3158489583333333 0.20805555555555555 0.01711458333333328 0.13041666666666668
0 0.30379687499999997 0.22657407407407407 0.019791666666666666 0.1409722222222222
0 0.2919635416666667 0.1684027777777778 0.0125 0.10398148148148151
0 0.25729166666666664 0.16113425925925925 0.01160937499999998 0.10266203703703702
0 0.2617552083333333 0.23451388888888888 0.014583333333333304 0.15685185185185183
0 0.23333333333333334 0.17171296296296298 0.008333333333333333 0.0709259259259259
0 0.19836458333333334 0.17203703703703702 0.012796875000000025 0.11787037037037039
0 0.17931770833333335 0.14824074074074076 0.010416666666666666 0.04381944444444446
0 0.17484895833333333 0.21631944444444445 0.019343749999999993 0.14032407407407407
0 0.18571354166666668 0.22393518518518518 0.020239583333333342 0.13569444444444445
0 0.192859375 0.45766203703703706 0.030953124999999974 0.09655092592592587
0 0.015921875 0.8633101851851852 0.011010416666666667 0.07847222222222217
0 0.035265624999999995 0.6847916666666666 0.008036458333333336 0.06534722222222226
0 0.07128125 0.5165277777777777 0.00863020833333333 0.05289351851851857
0 0.05505729166666666 0.5552083333333333 0.00892708333333334 0.04425925925925927
0 0.72403125 0.23516203703703706 0.015031250000000067 0.17138888888888892
0 0.7597447916666666 0.2312037037037037 0.015031250000000067 0.16347222222222224
0 0.70059375 0.3674074074074074 0.014286458333333248 0.09196759259259263