2 0.8790781249999999 0.6219212962962963 0.09322916666666667 0.7561574074074073
2 0.6805572916666667 0.3688425925925926 0.020833333333333332 0.09571759259259265
2 0.34661458333333334 0.40162037037037035 0.0421875 0.18442129629629633
2 0.3934010416666667 0.4401851851851852 0.05416666666666667 0.2615277777777778
2 0.11944270833333336 0.33990740740740744 0.047916666666666684 0.24615740740740738
1 0.24886979166666665 0.5318981481481482 0.14183854166666668 0.7999305555555556
1 0.7594635416666667 0.5265046296296296 0.15954687499999995 0.8354166666666666
0 0.9486666666666667 0.5285648148148149 0.006036458333333409 0.04726851851851856
0 0.8254322916666667 0.1618287037037037 0.016812500000000105 0.11546296296296295
0 0.8324010416666667 0.1870601851851852 0.020692708333333344 0.13395833333333335
0 0.8075364583333333 0.14699074074074073 0.015520833333333428 0.11129629629629628
0 0.7739427083333333 0.12671296296296297 0.010848958333333296 0.10587962962962962
0 0.690984375 0.11458333333333333 0.011640624999999953 0.04967592592592594
0 0.684875 0.17939814814814814 0.01810937499999999 0.1345833333333333
0 0.6980625 0.19518518518518516 0.022203125000000056 0.15659722222222225
0 0.6428020833333333 0.35597222222222225 0.01300520833333323 0.03423611111111116
0 0.584203125 0.42875 0.012932291666666628 0.0393055555555556
0 0.436140625 0.6022916666666667 0.010708333333333304 0.0510185185185185
0 0.3222447916666667 0.24310185185185185 0.01932812499999995 0.13104166666666664
0 0.30952604166666664 0.25395833333333334 0.02119791666666669 0.13997685185185185
0 0.23264062500000002 0.24261574074074074 0.014010416666666655 0.15245370370370373
0 0.20867708333333335 0.17078703703703704 0.014229166666666692 0.10458333333333335
0 0.1915 0.17300925925925925 0.015807291666666678 0.11543981481481483
0 0.11001562499999999 0.26113425925925926 0.010203124999999987 0.06175925925925928