2 0.8711822916666667 0.3823379629629629 0.05485937499999996 0.19215277777777776
2 0.6219635416666667 0.41131944444444446 0.028645833333333332 0.14342592592592587
2 0.5990468750000001 0.4849305555555556 0.050520833333333334 0.16585648148148144
2 0.36727604166666666 0.46638888888888885 0.06267187499999996 0.3448379629629629
2 0.11805729166666666 0.4895601851851852 0.055557291666666675 0.23682870370370365
1 0.24583333333333332 0.5168518518518519 0.15833333333333333 0.8238425925925925
1 0.743140625 0.5345833333333333 0.16510416666666666 0.8747453703703704
0 0.9743489583333333 0.945162037037037 0.01825520833333343 0.07761574074074068
0 0.9429010416666667 0.59875 0.016552083333333436 0.037916666666666654
0 0.93578125 0.5077083333333333 0.01033333333333341 0.04532407407407404
0 0.8969114583333333 0.4151851851851852 0.012338541666666696 0.04305555555555561
0 0.7886041666666667 0.16578703703703704 0.014895833333333285 0.11715277777777779
0 0.8085885416666667 0.1385185185185185 0.012239583333333333 0.03805555555555555
0 0.8155104166666667 0.2009027777777778 0.018057291666666704 0.1360648148148148
0 0.8036718749999999 0.22217592592592594 0.022468749999999933 0.1452083333333333
0 0.8076354166666667 0.40905092592592596 0.029390624999999913 0.06196759259259255
0 0.796578125 0.4631944444444444 0.03184895833333338 0.10340277777777782
0 0.7533958333333334 0.15710648148148149 0.010182291666666761 0.11314814814814814
0 0.7585625 0.2319675925925926 0.013489583333333381 0.16481481481481486
0 0.7529427083333334 0.34685185185185186 0.0082760416666666 0.10256944444444445
0 0.7596875 0.4907175925925926 0.01323958333333337 0.09826388888888886
0 0.7277916666666666 0.15733796296296296 0.00963020833333322 0.10914351851851853
0 0.723828125 0.23608796296296292 0.014744791666666639 0.1618981481481481
0 0.731328125 0.3510879629629629 0.004161458333333219 0.09766203703703703
0 0.7248802083333333 0.49449074074074073 0.013843749999999962 0.10136574074074078
0 0.6939635416666667 0.1746064814814815 0.016703125000000086 0.11914351851851851
0 0.673296875 0.14418981481481483 0.011484375000000095 0.04273148148148147
0 0.68034375 0.22594907407407405 0.023072916666666762 0.14831018518518513
0 0.6681302083333333 0.2087962962962963 0.01820833333333335 0.1452083333333333
0 0.6980000000000001 0.37037037037037035 0.022270833333333448 0.08939814814814816
0 0.680296875 0.38796296296296295 0.019802083333333324 0.09268518518518523
0 0.6763750000000001 0.4209259259259259 0.02972916666666663 0.05643518518518517
0 0.6878958333333334 0.4701388888888889 0.031348958333333364 0.09914351851851848
0 0.6921822916666667 0.7509490740740742 0.022677083333333313 0.09643518518518511
0 0.522859375 0.6405787037037037 0.013218750000000057 0.05453703703703691
0 0.4652760416666667 0.6360648148148148 0.006739583333333362 0.05245370370370363
0 0.44583854166666664 0.554675925925926 0.003916666666666657 0.022060185185185124
0 0.41830208333333335 0.5219444444444444 0.00841145833333338 0.016967592592592555
0 0.4295625 0.54875 0.010557291666666658 0.04504629629629625
0 0.4340572916666667 0.5734953703703703 0.009093750000000018 0.02715277777777782
0 0.435625 0.5936805555555557 0.012229166666666676 0.016481481481481493
0 0.4380572916666667 0.61875 0.016562499999999977 0.03875000000000002
0 0.39261979166666666 0.45717592592592593 0.01086979166666661 0.04069444444444441
0 0.29172395833333337 0.1715509259259259 0.014942708333333362 0.1080787037037037
0 0.31027083333333333 0.14405092592592592 0.01128645833333337 0.03680555555555555
0 0.31484375 0.20601851851851852 0.016770833333333356 0.1375462962962963
0 0.30347916666666663 0.21856481481481482 0.020692708333333344 0.14402777777777778
0 0.28741145833333337 0.35717592592592595 0.02147395833333334 0.08219907407407405
0 0.30439583333333337 0.376087962962963 0.018864583333333348 0.09449074074074072
0 0.30930729166666665 0.40870370370370374 0.02450520833333331 0.06453703703703703
0 0.2966875 0.45479166666666665 0.030098958333333314 0.0986342592592593
0 0.3026979166666666 0.5186342592592593 0.018078125000000018 0.10092592592592597
0 0.30554166666666666 0.5604398148148149 0.027432291666666705 0.06375000000000004
0 0.2949114583333333 0.6133564814814816 0.028635416666666677 0.08601851851851844
0 0.2817447916666667 0.5058796296296296 0.010661458333333347 0.04289351851851859
0 0.2568958333333333 0.15935185185185186 0.008515625000000011 0.10460648148148148
0 0.26157291666666665 0.2353935185185185 0.014213541666666647 0.1568055555555556
0 0.2544427083333333 0.3410416666666667 0.004651041666666641 0.09405092592592591
0 0.2617552083333333 0.48101851851851857 0.013010416666666646 0.09071759259259259
0 0.23361979166666666 0.16050925925925927 0.009510416666666662 0.10226851851851854
0 0.2259375 0.23817129629629627 0.014005208333333326 0.15307870370370366
0 0.23440104166666667 0.33951388888888884 0.010031249999999995 0.09335648148148144
0 0.22727083333333334 0.48162037037037037 0.015098958333333337 0.08956018518518517
0 0.1995 0.17641203703703703 0.015468750000000024 0.11317129629629631
0 0.20772916666666666 0.36460648148148145 0.013635416666666641 0.08777777777777782
0 0.180140625 0.15194444444444444 0.010713541666666692 0.0433101851851852
0 0.18580729166666668 0.22842592592592595 0.021526041666666686 0.1428703703703704
0 0.17402604166666666 0.21287037037037035 0.018338541666666687 0.13497685185185185
0 0.186328125 0.38351851851851854 0.018390624999999973 0.0907870370370371
0 0.181890625 0.4126620370370371 0.02727604166666667 0.05849537037037033
0 0.19309895833333332 0.4600231481481481 0.03035937499999998 0.09747685185185188
0 0.18497395833333333 0.5778703703703704 0.027692708333333312 0.08701388888888896
0 0.2613125 0.6483333333333333 0.012124999999999986 0.07236111111111108
0 0.09086458333333333 0.4668981481481481 0.010869791666666668 0.03925925925925921
0 0.06103125 0.5388657407407407 0.0065833333333333265 0.04386574074074071
0 0.06215625 0.5624305555555555 0.007265624999999994 0.046851851851851874
0 0.05209375 0.5839120370370371 0.012749999999999994 0.0503240740740741
0 0.07466666666666667 0.6536805555555555 0.014005208333333326 0.04819444444444456