2 0.9399322916666667 0.6581018518518519 0.06735937499999996 0.2575694444444444
2 0.9144947916666666 0.6740046296296297 0.1015625 0.6519907407407407
2 0.6551197916666667 0.8071064814814816 0.09670312500000004 0.385787037037037
2 0.41735937500000003 0.6076388888888888 0.04722395833333337 0.2831481481481481
2 0.38776041666666666 0.5 0.0796875 1
1 0.2659739583333333 0.6238425925925926 0.16389062499999998 0.7523148148148148
1 0.7836822916666667 0.6006944444444444 0.16458333333333333 0.7986111111111112
0 0.9395208333333334 0.5591898148148148 0.009578124999999934 0.029699074074074037
0 0.9409479166666667 0.5886574074074075 0.01243229166666661 0.03638888888888895
0 0.933953125 0.4510416666666667 0.013984374999999953 0.05046296296296299
0 0.9179739583333333 0.5218518518518519 0.01100520833333339 0.025231481481481428
0 0.9147395833333333 0.5397685185185185 0.0053750000000000854 0.035671296296296354
0 0.9002916666666666 0.5117824074074074 0.0050416666666665815 0.024490740740740705
0 0.8983177083333334 0.5454629629629629 0.008651041666666732 0.04518518518518514
0 0.8759322916666666 0.48435185185185187 0.013442708333333305 0.025624999999999985
0 0.8455208333333334 0.4841203703703703 0.018984374999999904 0.09983796296296295
0 0.8503958333333334 0.24916666666666668 0.013609375000000057 0.05182870370370374
0 0.8567760416666667 0.30682870370370374 0.017973958333333446 0.14099537037037033
0 0.844578125 0.3284722222222222 0.020874999999999963 0.13949074074074072
0 0.8315781250000001 0.26372685185185185 0.01629687499999998 0.11078703703703707
0 0.8216458333333333 0.5126851851851851 0.009869791666666572 0.03937499999999998
0 0.8117083333333334 0.49168981481481483 0.005208333333333333 0.03807870370370368
0 0.7958125 0.25375000000000003 0.009447916666666601 0.102037037037037
0 0.8016510416666667 0.33881944444444445 0.013567708333333428 0.16020833333333329
0 0.7708645833333333 0.25578703703703703 0.009953125000000066 0.10240740740740743
0 0.7671666666666667 0.3421064814814815 0.014322916666666666 0.16113425925925928
0 0.7359843749999999 0.26997685185185183 0.016213541666666723 0.11583333333333334
0 0.7159895833333334 0.2445138888888889 0.011510416666666618 0.04437500000000004
0 0.7234010416666667 0.32875000000000004 0.022552083333333427 0.14752314814814815
0 0.7109687499999999 0.31138888888888894 0.01953125 0.13895833333333338
0 0.7412760416666667 0.4590277777777778 0.021755208333333324 0.07206018518518517
0 0.778234375 0.5236111111111111 0.009994791666666695 0.029467592592592635
0 0.761328125 0.5084953703703703 0.010208333333333286 0.01791666666666669
0 0.7590833333333333 0.5294907407407408 0.01536979166666678 0.028171296296296333
0 0.7682187500000001 0.5903009259259259 0.013901041666666695 0.09009259259259256
0 0.7109062500000001 0.4819907407407407 0.013942708333333324 0.024652777777777725
0 0.7091041666666666 0.5966666666666667 0.01789062499999995 0.03560185185185184
0 0.7234479166666666 0.4859953703703703 0.020119791666666723 0.09425925925925932
0 0.7320989583333334 0.5635185185185185 0.030703124999999904 0.10185185185185185
0 0.6621458333333333 0.6458564814814814 0.014281250000000039 0.03317129629629639
0 0.6083645833333333 0.5793287037037037 0.011296875000000029 0.043842592592592586
0 0.46793229166666667 0.7265277777777778 0.011843750000000005 0.050787037037037165
0 0.433828125 0.6310648148148148 0.012937499999999958 0.040902777777777684
0 0.44525 0.6471990740740741 0.013942708333333324 0.026527777777777862
0 0.45222395833333334 0.6733333333333333 0.014447916666666671 0.026527777777777862
0 0.4086458333333333 0.5940046296296296 0.0066770833333333005 0.020972222222222163
0 0.38594791666666667 0.5688194444444444 0.01377604166666669 0.03405092592592588
0 0.329625 0.5484490740740741 0.01243229166666661 0.028773148148148162
0 0.32626562499999995 0.6001388888888889 0.009072916666666705 0.046296296296296294
0 0.3306302083333333 0.3451851851851852 0.016130208333333347 0.1075925925925926
0 0.31296874999999996 0.3337268518518518 0.01650520833333336 0.11263888888888891
0 0.2783802083333333 0.31590277777777775 0.009494791666666676 0.10500000000000004
0 0.25259375 0.31356481481481485 0.010416666666666666 0.10967592592592591
0 0.24671354166666667 0.40219907407407407 0.01377604166666669 0.1592824074074074
0 0.21924479166666666 0.330162037037037 0.015958333333333328 0.11675925925925926
0 0.1987708333333333 0.3027546296296296 0.012390624999999982 0.03578703703703702
0 0.20521874999999998 0.38886574074074076 0.02234374999999999 0.14266203703703703
0 0.19364583333333335 0.3721527777777778 0.018942708333333336 0.13726851851851854
0 0.25629166666666664 0.8285185185185185 0.03040625 0.08115740740740754
0 0.22873958333333333 0.7935185185185185 0.024026041666666664 0.06905092592592602
0 0.1910625 0.7629861111111111 0.019656250000000004 0.05648148148148143
0 0.14141666666666666 0.5593750000000001 0.007729166666666684 0.02634259259259258
0 0.075875 0.6881481481481481 0.014828125000000015 0.030000000000000086
0 0.07232812500000001 0.7103472222222222 0.014869791666666672 0.03335648148148141
0 0.059640625 0.7125925925925926 0.011338541666666672 0.04530092592592604
0 0.6778125 0.589675925925926 0.007390625000000028 0.04217592592592599