2 0.8609375 0.6449305555555556 0.09340104166666663 0.6478935185185185
2 0.641578125 0.3780787037037037 0.04878645833333337 0.29937499999999995
2 0.6139739583333333 0.731875 0.10816145833333338 0.5362499999999999
2 0.35928645833333334 0.37733796296296296 0.04670312500000004 0.1589814814814815
2 0.36493229166666663 0.441712962962963 0.049307291666666704 0.2646296296296296
2 0.11614583333333334 0.666574074074074 0.06215104166666667 0.3208101851851853
1 0.24826562500000002 0.5168518518518519 0.14930729166666665 0.8238425925925925
1 0.7555572916666667 0.4991203703703704 0.16389062500000004 0.8655092592592593
0 0.9665052083333333 0.6260185185185185 0.015328124999999915 0.04048611111111113
0 0.953609375 0.5986111111111112 0.016026041666666657 0.038333333333333275
0 0.9530208333333333 0.5803472222222222 0.015541666666666742 0.020370370370370396
0 0.9382447916666667 0.47694444444444445 0.013864583333333276 0.036527777777777715
0 0.9486302083333332 0.5029398148148149 0.010942708333333447 0.03900462962962968
0 0.9517656250000001 0.5312731481481481 0.01303124999999999 0.04918981481481482
0 0.827 0.12381944444444445 0.013656249999999896 0.05189814814814815
0 0.8325364583333333 0.1912962962962963 0.01707291666666677 0.1373148148148148
0 0.8203072916666667 0.20724537037037039 0.022578124999999952 0.14752314814814813
0 0.8080104166666667 0.14796296296296296 0.015401041666666752 0.11256944444444443
0 0.8020885416666667 0.33868055555555554 0.021671875000000066 0.08520833333333334
0 0.81884375 0.3646990740740741 0.021041666666666715 0.10006944444444449
0 0.8266822916666666 0.39875 0.02208854166666659 0.06907407407407401
0 0.7694375 0.4439583333333333 0.007244791666666591 0.09754629629629627
0 0.7690208333333334 0.3196527777777778 0.003625000000000019 0.09358796296296298
0 0.7737604166666666 0.12844907407407405 0.010312500000000094 0.10453703703703701
0 0.7782187500000001 0.22025462962962963 0.013656249999999896 0.16113425925925928
0 0.74909375 0.314375 0.005572916666666572 0.10164351851851848
0 0.7481145833333334 0.130625 0.00919791666666659 0.1150462962962963
0 0.7405885416666667 0.21421296296296297 0.013656249999999896 0.1583564814814815
0 0.7111822916666667 0.1372685185185185 0.01616666666666665 0.11907407407407407
0 0.6908020833333333 0.11576388888888889 0.012333333333333248 0.04819444444444446
0 0.6973541666666667 0.19625 0.022645833333333344 0.1472222222222222
0 0.6858177083333333 0.17706018518518518 0.01839583333333342 0.1336111111111111
0 0.704109375 0.4386805555555555 0.031984374999999926 0.10560185185185186
0 0.7083958333333332 0.5405555555555556 0.02173958333333322 0.06777777777777784
0 0.7193020833333333 0.6062037037037037 0.02613020833333337 0.0751620370370371
0 0.6267291666666667 0.3741435185185185 0.017979166666666657 0.0415509259259259
0 0.56540625 0.4589814814814815 0.007526041666666572 0.025393518518518583
0 0.56903125 0.47740740740740745 0.006411458333333305 0.028171296296296333
0 0.5669427083333333 0.4976851851851852 0.007802083333333343 0.04703703703703702
0 0.5600416666666667 0.49907407407407406 0.009338541666666582 0.0467361111111111
0 0.4021770833333333 0.5012268518518519 0.01275000000000001 0.041782407407407435
0 0.4188645833333334 0.5387037037037037 0.013380208333333362 0.03618055555555554
0 0.42022395833333337 0.5693518518518519 0.005645833333333291 0.04173611111111118
0 0.43318229166666666 0.5800231481481481 0.012057291666666714 0.022847222222222234
0 0.43771354166666665 0.6065046296296296 0.011359374999999972 0.054097222222222234
0 0.42673958333333334 0.5942824074074075 0.013796875000000005 0.05131944444444442
0 0.35384895833333335 0.383587962962963 0.008781249999999947 0.054212962962963
0 0.3165677083333333 0.18233796296296295 0.012265624999999976 0.048148148148148176
0 0.32217708333333334 0.2433101851851852 0.02000000000000005 0.12673611111111113
0 0.30942708333333335 0.25351851851851853 0.020973958333333324 0.14099537037037035
0 0.29960416666666667 0.48002314814814817 0.030588541666666677 0.0891435185185185
0 0.29744270833333336 0.19780092592592594 0.01651562500000002 0.10386574074074074
0 0.26622395833333334 0.16930555555555557 0.009822916666666645 0.09643518518518518
0 0.2691875 0.25104166666666666 0.015052083333333351 0.1484259259259259
0 0.2603020833333333 0.35370370370370374 0.0049479166666666664 0.09664351851851852
0 0.24158854166666668 0.16127314814814817 0.010036458333333324 0.10511574074074073
0 0.232671875 0.2446990740740741 0.011708333333333343 0.15120370370370373
0 0.23897916666666666 0.3425462962962963 0.009687500000000012 0.09914351851851848
0 0.20741145833333335 0.16652777777777777 0.01484375 0.10944444444444444
0 0.19040625 0.1382175925925926 0.01150000000000002 0.049699074074074055
0 0.18330208333333334 0.19935185185185186 0.01679166666666667 0.13791666666666666
0 0.19511458333333334 0.21590277777777778 0.018812500000000003 0.13699074074074075
0 0.20825 0.3550925925925926 0.02208854166666665 0.08395833333333329
0 0.19128124999999999 0.36949074074074073 0.01811979166666665 0.0848842592592593
0 0.18776041666666668 0.40879629629629627 0.028500000000000015 0.09539351851851847
0 0.17124479166666667 0.3606712962962963 0.013588541666666683 0.02078703703703708
0 0.15417187499999999 0.3588194444444444 0.01150000000000002 0.029467592592592635
0 0.14671874999999998 0.36129629629629634 0.0063437499999999735 0.034421296296296304
0 0.06275000000000001 0.4659259259259259 0.010520833333333335 0.04550925925925932
0 0.06891666666666667 0.4872916666666666 0.008223958333333337 0.03250000000000005
0 0.04951041666666667 0.5210416666666666 0.009130208333333334 0.03185185185185183