1 0.7559895833333333 0.507199074074074 0.16302083333333334 0.8739814814814814
1 0.24488020833333335 0.523425925925926 0.14774479166666665 0.8292361111111112
0 0.9672395833333333 0.6177083333333334 0.016036458333333316 0.056666666666666705
0 0.9378489583333334 0.47606481481481483 0.013546875000000114 0.035208333333333286
0 0.9487135416666667 0.5025462962962963 0.01171875 0.04740740740740745
0 0.9508125 0.5268287037037037 0.013286458333333447 0.040717592592592534
0 0.933921875 0.5275462962962963 0.013546875000000114 0.03925925925925921
0 0.95159375 0.5593981481481481 0.014859375000000103 0.03604166666666665
0 0.8079583333333333 0.1469675925925926 0.016234375000000037 0.11300925925925928
0 0.8275625000000001 0.12736111111111112 0.01158333333333322 0.047569444444444435
0 0.8337447916666666 0.18900462962962963 0.018067708333333363 0.13594907407407406
0 0.8210156249999999 0.20701388888888891 0.02205729166666662 0.14874999999999997
0 0.802296875 0.3378935185185185 0.02127083333333341 0.08469907407407405
0 0.820359375 0.3639351851851852 0.020750000000000077 0.09310185185185178
0 0.8232395833333332 0.3985416666666666 0.029125000000000036 0.06342592592592587
0 0.8118854166666666 0.4482638888888889 0.0319427083333333 0.09888888888888882
0 0.773859375 0.12618055555555555 0.009557291666666618 0.10342592592592591
0 0.778109375 0.21733796296296296 0.0141354166666666 0.16064814814814815
0 0.7693385416666667 0.32104166666666667 0.004453125000000095 0.09750000000000002
0 0.7476770833333333 0.12849537037037034 0.009557291666666618 0.10807870370370368
0 0.7393645833333333 0.21094907407407407 0.015187499999999925 0.15949074074074077
0 0.74728125 0.3156481481481482 0.00877083333333341 0.10127314814814815
0 0.7680989583333333 0.4471064814814815 0.0039270833333333146 0.096574074074074
0 0.7393645833333333 0.46703703703703703 0.01583854166666659 0.09858796296296303
0 0.7084010416666667 0.5425 0.020682291666666686 0.06627314814814814
0 0.7117395833333333 0.13664351851851853 0.015578124999999924 0.11273148148148147
0 0.6913177083333333 0.11513888888888889 0.011390624999999942 0.04643518518518519
0 0.7200520833333334 0.6048842592592593 0.025656250000000113 0.07175925925925926
0 0.6933489583333333 0.3879398148148148 0.029848958333333304 0.06837962962962968
0 0.6855260416666666 0.17912037037037035 0.01878645833333342 0.1394675925925926
0 0.6978958333333334 0.1952546296296296 0.02127083333333341 0.1513888888888889
0 0.6293333333333333 0.36974537037037036 0.02421875 0.049467592592592605
0 0.5653229166666667 0.4587268518518518 0.008114583333333295 0.029629629629629655
0 0.5684635416666667 0.47909722222222223 0.006546875000000086 0.023796296296296232
0 0.566140625 0.4978472222222222 0.00909895833333323 0.04678240740740736
0 0.5600208333333333 0.4993055555555555 0.009296874999999953 0.04386574074074071
0 0.453625 0.6694907407407408 0.00922916666666668 0.043865740740740844
0 0.448453125 0.6928935185185184 0.008052083333333352 0.04122685185185172
0 0.44059895833333335 0.7449537037037037 0.013286458333333329 0.04643518518518506
0 0.4319270833333333 0.5775925925925927 0.009687499999999953 0.04622685185185178
0 0.4139947916666667 0.5230555555555556 0.013088541666666724 0.03900462962962968
0 0.354953125 0.4298148148148148 0.012828125000000056 0.02706018518518518
0 0.3173489583333333 0.18113425925925927 0.010276041666666676 0.05331018518518519
0 0.3222291666666666 0.24407407407407408 0.019375000000000024 0.12976851851851853
0 0.31011979166666664 0.25469907407407405 0.022645833333333344 0.13645833333333332
0 0.2972239583333333 0.1975462962962963 0.016494791666666706 0.1065277777777778
0 0.31136458333333333 0.43356481481481485 0.026442708333333325 0.05782407407407412
0 0.29892708333333334 0.4781944444444445 0.03036979166666664 0.09182870370370375
0 0.265578125 0.17384259259259258 0.009098958333333318 0.10275462962962961
0 0.26966666666666667 0.2503240740740741 0.015052083333333351 0.1451851851851852
0 0.2602083333333333 0.3521296296296296 0.004645833333333312 0.09277777777777774
0 0.24158854166666668 0.1607638888888889 0.009947916666666678 0.1056712962962963
0 0.23294791666666667 0.24393518518518517 0.013614583333333326 0.15564814814814817
0 0.23903645833333334 0.3400694444444444 0.00877083333333335 0.0890046296296296
0 0.20791145833333333 0.16891203703703703 0.013942708333333324 0.11032407407407406
0 0.18932291666666667 0.14317129629629632 0.010802083333333339 0.0501388888888889
0 0.18291145833333333 0.2009027777777778 0.01629687499999998 0.12775462962962963
0 0.19443229166666667 0.21833333333333332 0.018390625000000032 0.13937500000000003
0 0.20886458333333333 0.35097222222222224 0.02042187500000002 0.07881944444444447
0 0.19184374999999998 0.36768518518518517 0.01780208333333331 0.09189814814814812
0 0.18680208333333334 0.39576388888888886 0.024739583333333332 0.06365740740740741
0 0.198359375 0.4495601851851852 0.02886458333333331 0.095625
0 0.19122395833333333 0.5077314814814815 0.017869791666666638 0.10435185185185182
0 0.12458854166666668 0.38050925925925927 0.010932291666666672 0.03319444444444439
0 0.08577604166666666 0.4175925925925926 0.002682291666666655 0.017175925925925963
0 0.08865625 0.44363425925925926 0.00582291666666667 0.02560185185185186
0 0.06309895833333333 0.4667361111111111 0.010343750000000007 0.05145833333333338
0 0.0658125 0.4891435185185185 0.01119270833333333 0.04388888888888884
0 0.05792708333333333 0.5164814814814815 0.006546874999999996 0.028750000000000036
0 0.70428125 0.4366435185185185 0.03141666666666675 0.09599537037037044