2 0.875 0.38002314814814814 0.04860937499999996 0.20293981481481485
2 0.7424479166666667 0.5 0.10364583333333334 1
2 0.6014739583333333 0.3985416666666666 0.0484375 0.17824074074074073
2 0.37126562500000004 0.5736342592592593 0.06024479166666671 0.32780092592592597
2 0.21979166666666666 0.3561111111111111 0.02985937500000002 0.17055555555555557
2 0.19540104166666666 0.43671296296296297 0.0453125 0.16974537037037032
1 0.25034895833333337 0.5288194444444444 0.1604166666666667 0.8246064814814815
1 0.75703125 0.5064351851851852 0.16510416666666666 0.857013888888889
0 0.94846875 0.5032175925925926 0.010458333333333295 0.0378703703703704
0 0.9509427083333333 0.5337037037037037 0.012854166666666582 0.05122685185185184
0 0.9536979166666666 0.5966203703703704 0.016322916666666742 0.04326388888888895
0 0.9660416666666667 0.626087962962963 0.016526041666666675 0.038726851851851894
0 0.8072604166666667 0.1469675925925926 0.01627083333333322 0.11662037037037039
0 0.8280260416666666 0.1259953703703704 0.011885416666666752 0.04976851851851854
0 0.8327447916666666 0.18969907407407408 0.018770833333333313 0.13631944444444447
0 0.8202708333333334 0.20657407407407405 0.02290625000000001 0.14969907407407404
0 0.7733385416666666 0.1280324074074074 0.009640625000000114 0.10372685185185186
0 0.7774427083333334 0.21800925925925926 0.013265624999999896 0.16124999999999995
0 0.7086302083333333 0.13699074074074075 0.010812500000000114 0.11256944444444447
0 0.691359375 0.11627314814814814 0.011479166666666648 0.050694444444444424
0 0.6849583333333332 0.17925925925925926 0.01856770833333338 0.14041666666666666
0 0.6980677083333333 0.19967592592592595 0.021322916666666695 0.15400462962962963
0 0.7079895833333333 0.5413888888888889 0.020250000000000056 0.06432870370370375
0 0.7195937499999999 0.6089351851851852 0.02560937500000004 0.06337962962962962
0 0.6230520833333333 0.3772916666666667 0.013109375000000038 0.030856481481481443
0 0.5722968749999999 0.43960648148148146 0.006479166666666695 0.0693518518518518
0 0.5658437500000001 0.4585416666666667 0.006328125000000047 0.04599537037037038
0 0.5615572916666667 0.4946990740740741 0.009999999999999905 0.038958333333333296
0 0.4361666666666667 0.6018287037037037 0.010203124999999957 0.049166666666666685
0 0.411625 0.5176157407407408 0.013161458333333324 0.04173611111111105
0 0.38647916666666665 0.45719907407407406 0.011833333333333347 0.07504629629629633
0 0.35206770833333334 0.42796296296296293 0.012906249999999985 0.023356481481481423
0 0.335109375 0.4150231481481481 0.014692708333333353 0.029259259259259228
0 0.339390625 0.43747685185185187 0.011020833333333376 0.03333333333333328
0 0.31676562500000005 0.17814814814814814 0.010661458333333347 0.04298611111111109
0 0.3100104166666667 0.25668981481481484 0.022140624999999994 0.1342824074074074
0 0.32197395833333337 0.2436574074074074 0.019026041666666653 0.12409722222222219
0 0.29669270833333333 0.1953703703703704 0.015916666666666638 0.10462962962962961
0 0.2649375 0.17247685185185185 0.009031250000000017 0.09965277777777776
0 0.24080729166666667 0.16229166666666667 0.009744791666666686 0.1019212962962963
0 0.23303125 0.24252314814814813 0.013057291666666693 0.15356481481481482
0 0.20864583333333334 0.16784722222222223 0.013265625000000014 0.10168981481481483
0 0.189796875 0.14006944444444444 0.010765624999999978 0.039375000000000014
0 0.19464062499999998 0.2222222222222222 0.019437500000000028 0.13791666666666663
0 0.18329166666666669 0.19967592592592595 0.015609375000000014 0.1268287037037037
0 0.14181770833333335 0.3597222222222222 0.011734374999999986 0.022916666666666613
0 0.13118229166666667 0.37581018518518516 0.009333333333333327 0.03243055555555553
0 0.086546875 0.42738425925925927 0.0037239583333333213 0.019930555555555587
0 0.06978645833333334 0.44993055555555556 0.005406249999999998 0.031041666666666724
0 0.06356250000000001 0.4644212962962963 0.00928645833333334 0.0418981481481482
0 0.06955729166666667 0.4903935185185185 0.005458333333333343 0.028055555555555566
0 0.049791666666666665 0.5217824074074074 0.008265625000000002 0.025092592592592534