1 0.7583333333333333 0.4940972222222222 0.1625 0.8631944444444444
1 0.246875 0.5230324074074074 0.15347395833333338 0.8361805555555556
0 0.96734375 0.6202083333333334 0.015130208333333428 0.0534953703703704
0 0.9378854166666667 0.4776851851851852 0.014020833333333371 0.03909722222222219
0 0.9483385416666666 0.5021527777777778 0.01033333333333341 0.036087962962962905
0 0.9506770833333333 0.5281018518518518 0.012546875000000075 0.03879629629629627
0 0.9338229166666667 0.5253703703703704 0.013286458333333447 0.03333333333333328
0 0.952 0.559675925925926 0.01580729166666662 0.03905092592592593
0 0.8074635416666667 0.14712962962962964 0.01580729166666662 0.11331018518518518
0 0.8270208333333334 0.12622685185185187 0.01309895833333338 0.05236111111111112
0 0.8326197916666668 0.19127314814814814 0.01814583333333341 0.13870370370370372
0 0.8210260416666666 0.21284722222222222 0.022635416666666686 0.14358796296296297
0 0.8019583333333333 0.3377546296296296 0.021401041666666742 0.08175925925925924
0 0.819703125 0.36439814814814814 0.019374999999999906 0.09405092592592591
0 0.8232395833333332 0.3985648148148148 0.02952083333333325 0.058518518518518456
0 0.811921875 0.45034722222222223 0.031489583333333356 0.09918981481481487
0 0.7735104166666668 0.12622685185185187 0.00941145833333342 0.09608796296296294
0 0.7775104166666666 0.22037037037037038 0.013713541666666629 0.16136574074074075
0 0.7689635416666667 0.3199768518518518 0.0027656249999999717 0.09543981481481482
0 0.7678854166666667 0.44842592592592595 0.002458333333333229 0.10083333333333334
0 0.7479270833333334 0.12773148148148147 0.00990104166666678 0.11275462962962962
0 0.73971875 0.2136574074074074 0.015005208333333304 0.16164351851851855
0 0.7495572916666667 0.3153472222222222 0.005166666666666705 0.10254629629629632
0 0.7398385416666666 0.4701388888888889 0.015255208333333315 0.09236111111111106
0 0.7112083333333333 0.13483796296296297 0.016421875000000103 0.11604166666666665
0 0.6913750000000001 0.1155787037037037 0.011807291666666704 0.047453703703703706
0 0.686578125 0.17881944444444445 0.019437500000000087 0.14388888888888887
0 0.6979843750000001 0.19740740740740742 0.02072916666666676 0.14826388888888892
0 0.69334375 0.3861111111111111 0.028046874999999954 0.06370370370370367
0 0.7048749999999999 0.43886574074074075 0.032041666666666656 0.09810185185185184
0 0.7090885416666667 0.5405324074074074 0.02017187500000001 0.07182870370370364
0 0.72028125 0.6080324074074075 0.025338541666666714 0.07013888888888885
0 0.6295000000000001 0.3705324074074074 0.023984375000000096 0.04893518518518515
0 0.5659635416666667 0.4585416666666667 0.008239583333333418 0.02812499999999995
0 0.5659062499999999 0.47888888888888886 0.011807291666666704 0.02236111111111117
0 0.565625 0.4948842592592592 0.00941145833333342 0.051597222222222267
0 0.5599062499999999 0.4969212962962963 0.009041666666666733 0.04749999999999996
0 0.4539947916666666 0.6673842592592593 0.0094114583333333 0.046712962962962845
0 0.448984375 0.6912962962962963 0.008609374999999985 0.04259259259259254
0 0.44052604166666665 0.7449768518518518 0.013223958333333386 0.048842592592592646
0 0.43265625 0.5780092592592593 0.009781249999999986 0.04840277777777777
0 0.41426562499999997 0.5225462962962963 0.013593749999999953 0.0413194444444445
0 0.35531250000000003 0.42854166666666665 0.012546874999999957 0.028240740740740716
0 0.3107239583333333 0.43574074074074076 0.028536458333333313 0.05907407407407403
0 0.2995260416666667 0.4757638888888889 0.030749999999999982 0.09266203703703711
0 0.31711979166666665 0.18009259259259258 0.011807291666666704 0.04800925925925928
0 0.32166666666666666 0.24238425925925924 0.018453125000000032 0.12886574074074073
0 0.309859375 0.25537037037037036 0.021895833333333316 0.13569444444444445
0 0.2969114583333334 0.19675925925925927 0.01629687499999998 0.1086574074074074
0 0.26600520833333335 0.17011574074074073 0.009223958333333353 0.09638888888888891
0 0.2696354166666667 0.24784722222222222 0.015255208333333315 0.15071759259259263
0 0.260625 0.35032407407407407 0.005229166666666648 0.09875000000000006
0 0.24161979166666667 0.16300925925925927 0.00965624999999998 0.10402777777777777
0 0.23239583333333333 0.24293981481481483 0.01334895833333333 0.15182870370370372
0 0.23965104166666668 0.34296296296296297 0.008182291666666685 0.10039351851851853
0 0.207578125 0.16833333333333333 0.014145833333333318 0.11743055555555554
0 0.18958854166666667 0.14224537037037038 0.010765624999999978 0.05157407407407408
0 0.18297395833333333 0.19974537037037038 0.016604166666666663 0.13106481481481483
0 0.19472395833333334 0.22106481481481483 0.019187500000000017 0.1409027777777778
0 0.20874479166666668 0.3568981481481482 0.02017187500000001 0.08999999999999998
0 0.19146354166666668 0.36877314814814816 0.018822916666666658 0.09462962962962962
0 0.18684895833333334 0.3927083333333333 0.025583333333333336 0.057731481481481474
0 0.197984375 0.4455787037037037 0.02940104166666669 0.1006018518518518
0 0.19167708333333333 0.5069212962962963 0.017406249999999977 0.10030092592592589
0 0.17132291666666666 0.3599074074074074 0.012364583333333339 0.02495370370370364
0 0.15465104166666668 0.3609953703703703 0.012239583333333333 0.027129629629629694
0 0.14607291666666666 0.36344907407407406 0.006765625000000005 0.037523148148148104
0 0.062703125 0.46266203703703707 0.009166666666666663 0.044583333333333315
0 0.06885416666666666 0.4875231481481482 0.009166666666666672 0.034166666666666644
0 0.049942708333333335 0.5223842592592592 0.01008854166666667 0.03004629629629634