2 0.8947916666666667 0.38810185185185186 0.05347395833333337 0.273125
2 0.5740468750000001 0.429375 0.035244791666666705 0.23995370370370364
2 0.6083333333333333 0.4783564814814815 0.05694270833333329 0.2530324074074074
2 0.35 0.3672916666666666 0.04027604166666663 0.2160648148148148
2 0.38828125 0.4031712962962963 0.04566145833333337 0.21835648148148146
2 0.340796875 0.5921296296296297 0.060067708333333296 0.36481481481481487
1 0.245140625 0.5164814814814815 0.15694270833333335 0.8307870370370369
1 0.7413177083333333 0.5311342592592593 0.17014062500000005 0.8446527777777777
0 0.46166145833333333 0.6261574074074074 0.014479166666666644 0.03333333333333328
0 0.44320833333333337 0.5530555555555555 0.006395833333333319 0.049606481481481494
0 0.5229166666666667 0.6399074074074074 0.011880208333333305 0.05145833333333338
0 0.6922812500000001 0.7501388888888889 0.023057291666666656 0.09701388888888882
0 0.6880624999999999 0.46703703703703703 0.031489583333333356 0.09622685185185184
0 0.6756197916666667 0.4197222222222222 0.02769270833333337 0.060972222222222164
0 0.679625 0.3892824074074074 0.02024479166666661 0.09689814814814818
0 0.6981510416666666 0.3709953703703704 0.021437499999999925 0.08847222222222216
0 0.679625 0.22671296296296295 0.023057291666666656 0.1497685185185185
0 0.6678541666666666 0.21046296296296296 0.018484374999999886 0.14226851851851854
0 0.6732291666666667 0.14662037037037037 0.011666666666666714 0.04268518518518518
0 0.6941770833333333 0.17564814814814814 0.01701041666666659 0.11949074074074074
0 0.7238020833333334 0.2363888888888889 0.015114583333333324 0.16287037037037042
0 0.7317135416666667 0.3514814814814815 0.0049218749999999055 0.10254629629629632
0 0.7283020833333332 0.15814814814814812 0.010052083333333428 0.1095138888888889
0 0.7246822916666668 0.4946759259259259 0.013354166666666601 0.09840277777777776
0 0.753046875 0.34756944444444443 0.008927083333333268 0.09784722222222218
0 0.76025 0.23046296296296298 0.01419791666666678 0.1572453703703704
0 0.7535000000000001 0.15550925925925926 0.009135416666666648 0.10733796296296297
0 0.7891041666666666 0.16488425925925926 0.014973958333333334 0.11356481481481483
0 0.8031979166666667 0.21780092592592593 0.022776041666666677 0.14759259259259258
0 0.8154947916666667 0.20233796296296294 0.01785416666666677 0.13854166666666665
0 0.8093802083333334 0.13803240740740744 0.012651041666666647 0.04738425925925927
0 0.8079739583333333 0.4265972222222222 0.02952083333333325 0.09967592592592593
0 0.9074427083333333 0.28046296296296297 0.014317708333333219 0.034189814814814805
0 0.923140625 0.48305555555555557 0.01126041666666661 0.036018518518518526
0 0.9426979166666667 0.5986342592592593 0.01640625 0.03423611111111109
0 0.4383958333333334 0.5794675925925926 0.008713541666666677 0.02428240740740743
0 0.43909895833333334 0.6027314814814815 0.015744791666666678 0.030208333333333295
0 0.42265104166666667 0.48247685185185185 0.005343749999999995 0.033402777777777795
0 0.41122916666666665 0.5027777777777778 0.01413020833333339 0.04275462962962969
0 0.42056770833333335 0.5139583333333333 0.007578124999999976 0.0209490740740741
0 0.38328124999999996 0.5840046296296296 0.017604166666666643 0.03719907407407406
0 0.30985416666666665 0.14368055555555553 0.010921875000000015 0.03673611111111111
0 0.31535416666666666 0.2043287037037037 0.016218750000000053 0.13266203703703705
0 0.3037395833333333 0.22099537037037037 0.0198854166666667 0.13699074074074075
0 0.28740104166666663 0.3596759259259259 0.020619791666666623 0.07391203703703705
0 0.303578125 0.3748842592592592 0.019557291666666643 0.08983796296296297
0 0.3080625 0.40731481481481485 0.026895833333333386 0.05687499999999998
0 0.3199166666666667 0.40041666666666664 0.015567708333333385 0.10828703703703711
0 0.2968958333333333 0.4550925925925926 0.02901562500000002 0.09449074074074072
0 0.25647395833333336 0.15689814814814815 0.010104166666666655 0.10298611111111113
0 0.2616875 0.23511574074074074 0.014015624999999983 0.1579861111111111
0 0.25419270833333335 0.34247685185185184 0.005541666666666659 0.0938425925925926
0 0.2617291666666667 0.48335648148148147 0.013286458333333329 0.0930324074074074
0 0.26103645833333333 0.6499305555555556 0.01271354166666665 0.07847222222222217
0 0.23402083333333332 0.16069444444444445 0.010026041666666667 0.10696759259259261
0 0.225421875 0.23601851851851852 0.014833333333333342 0.15618055555555554
0 0.234796875 0.3410416666666667 0.009130208333333318 0.09094907407407408
0 0.22660416666666666 0.4840740740740741 0.016380208333333358 0.09449074074074072
0 0.19950520833333335 0.17627314814814815 0.015156250000000012 0.11638888888888889
0 0.179578125 0.1534722222222222 0.011979166666666667 0.04905092592592592
0 0.18553125 0.22731481481481483 0.022250000000000013 0.1387962962962963
0 0.17399479166666668 0.21537037037037038 0.017927083333333312 0.13664351851851853
0 0.20720833333333333 0.3607638888888889 0.013447916666666693 0.08333333333333333
0 0.18622395833333333 0.3846759259259259 0.019557291666666643 0.08766203703703705
0 0.18214583333333334 0.4091203703703704 0.027708333333333356 0.05324074074074074
0 0.19306770833333334 0.4598148148148148 0.029989583333333354 0.09666666666666665
0 0.371953125 0.46976851851851853 0.013692708333333314 0.040532407407407385
0 0.383609375 0.3765277777777778 0.009291666666666623 0.05324074074074074
0 0.13769270833333333 0.397337962962963 0.008885416666666653 0.02608796296296292
0 0.12954166666666667 0.40965277777777775 0.012140625 0.02173611111111108
0 0.06104166666666667 0.5349537037037037 0.006359375000000004 0.04048611111111113
0 0.06165104166666667 0.5644675925925926 0.008395833333333335 0.04518518518518514
0 0.075546875 0.6535416666666666 0.012552083333333346 0.049467592592592605
0 0.05150520833333334 0.5829166666666666 0.011734375 0.045902777777777806
0 0.23940104166666665 0.746087962962963 0.032192708333333306 0.04620370370370379
0 0.875609375 0.4205324074074074 0.012062499999999924 0.028981481481481438