2 0.8979166666666667 0.40199074074074076 0.05277604166666663 0.27004629629629634
2 0.6783854166666666 0.7955324074074075 0.0946197916666667 0.4089351851851851
2 0.6105885416666667 0.4849074074074074 0.071875 0.3201388888888889
2 0.3628489583333333 0.5022685185185185 0.06597395833333337 0.34712962962962957
2 0.245484375 0.8553240740740741 0.09514062499999998 0.28935185185185186
2 0.15946354166666668 0.5408333333333333 0.07413020833333335 0.4242361111111111
1 0.24557291666666667 0.5141666666666667 0.16302083333333334 0.8107175925925927
1 0.7423593749999999 0.5326620370370371 0.17222395833333337 0.878611111111111
0 0.8289270833333333 0.43372685185185184 0.006828125000000066 0.06416666666666673
0 0.8152395833333334 0.2007175925925926 0.019979166666666732 0.1385185185185185
0 0.7887864583333334 0.16819444444444442 0.015427083333333277 0.1176851851851852
0 0.7389427083333333 0.4353240740740741 0.00817708333333324 0.07363425925925926
0 0.6764791666666666 0.1822453703703704 0.016921874999999885 0.11736111111111114
0 0.6684114583333333 0.2094212962962963 0.019979166666666732 0.13377314814814814
0 0.6517708333333334 0.4435185185185185 0.006614583333333239 0.06479166666666669
0 0.6933697916666667 0.7493518518518519 0.017276041666666703 0.09812499999999996
0 0.33006250000000004 0.42756944444444445 0.007395833333333357 0.06449074074074078
0 0.31506249999999997 0.2073611111111111 0.020052083333333335 0.1360185185185185
0 0.291953125 0.17418981481481483 0.015072916666666695 0.11391203703703706
0 0.246265625 0.4280555555555555 0.006895833333333338 0.06858796296296295
0 0.18252083333333333 0.1917361111111111 0.017348958333333366 0.11421296296296297
0 0.17413541666666665 0.21337962962962964 0.020479166666666694 0.12905092592592593
0 0.16247395833333333 0.4354861111111111 0.005687499999999979 0.04868055555555549
0 0.09190104166666666 0.47497685185185184 0.010312500000000006 0.070787037037037