2 0.342015625 0.4201388888888889 0.0381927083333333 0.19057870370370367
2 0.30104166666666665 0.43787037037037035 0.06041666666666667 0.24148148148148146
1 0.2499114583333333 0.5187962962962963 0.1473958333333333 0.8199768518518519
1 0.7574635416666666 0.5037268518518518 0.16423437499999996 0.8747685185185184
0 0.9673229166666667 0.6191203703703704 0.015822916666666725 0.05356481481481478
0 0.9379739583333334 0.4783101851851852 0.013989583333333399 0.0369444444444444
0 0.948359375 0.5007175925925926 0.010458333333333295 0.04099537037037032
0 0.9505625 0.5271064814814815 0.013026041666666781 0.03875000000000002
0 0.951640625 0.5611342592592593 0.015640625000000106 0.03749999999999997
0 0.932609375 0.5225231481481482 0.013343749999999942 0.03162037037037043
0 0.8022916666666667 0.33826388888888886 0.021463541666666686 0.07277777777777777
0 0.8203385416666666 0.3642361111111111 0.019489583333333373 0.09414351851851856
0 0.8235989583333333 0.3979629629629629 0.02875520833333335 0.057662037037037095
0 0.812109375 0.44849537037037035 0.03192187499999998 0.09349537037037034
0 0.807796875 0.14761574074074077 0.015958333333333265 0.11342592592592594
0 0.8274947916666666 0.1267361111111111 0.01178645833333339 0.04925925925925926
0 0.8333437499999999 0.1907175925925926 0.018437500000000048 0.1364351851851852
0 0.8202708333333334 0.20761574074074074 0.022562500000000086 0.14986111111111114
0 0.7737916666666667 0.12979166666666667 0.009859374999999915 0.10833333333333332
0 0.7775989583333334 0.2184259259259259 0.012885416666666554 0.1592361111111111
0 0.768859375 0.3209259259259259 0.0032083333333332575 0.09925925925925926
0 0.767828125 0.44502314814814814 0.0034374999999999527 0.09064814814814807
0 0.7495104166666666 0.3115509259259259 0.004859374999999962 0.09682870370370367
0 0.7395312500000001 0.46793981481481484 0.015640625000000106 0.09368055555555549
0 0.747375 0.12694444444444444 0.0102291666666666 0.11078703703703706
0 0.7398072916666667 0.21537037037037038 0.014354166666666638 0.15719907407407407
0 0.7113072916666667 0.13560185185185183 0.015593750000000028 0.1097685185185185
0 0.691515625 0.115625 0.01224479166666678 0.053541666666666654
0 0.6859010416666667 0.18074074074074073 0.017979166666666657 0.13685185185185186
0 0.6984427083333333 0.19805555555555557 0.02151041666666676 0.15108796296296292
0 0.693234375 0.38960648148148147 0.02898437500000005 0.0694907407407407
0 0.7045416666666667 0.4395138888888889 0.030958333333333362 0.1000231481481481
0 0.7083229166666667 0.5418287037037037 0.0215572916666666 0.06817129629629627
0 0.7204114583333333 0.6073379629629629 0.02600520833333325 0.07078703703703706
0 0.6295572916666666 0.3699537037037037 0.02407812500000001 0.04648148148148144
0 0.5656041666666667 0.45861111111111114 0.008072916666666667 0.030162037037036973
0 0.56778125 0.48071759259259256 0.009218749999999906 0.023425925925925937
0 0.5660885416666667 0.49620370370370376 0.009770833333333447 0.05157407407407401
0 0.5599166666666666 0.4998611111111111 0.009541666666666752 0.045416666666666675
0 0.4141927083333333 0.5256712962962963 0.012979166666666705 0.044027777777777735
0 0.4319635416666667 0.5771296296296297 0.010458333333333295 0.04706018518518521
0 0.45430208333333333 0.6684027777777778 0.00834895833333332 0.05027777777777784
0 0.448546875 0.6904166666666667 0.008848958333333339 0.04537037037037042
0 0.4405208333333333 0.7454398148148148 0.014260416666666723 0.04942129629629635
0 0.35538020833333334 0.4283333333333333 0.013208333333333282 0.02872685185185191
0 0.31760937499999997 0.18043981481481483 0.010593749999999957 0.04861111111111111
0 0.32176041666666666 0.24145833333333333 0.018437500000000048 0.13192129629629631
0 0.3097239583333333 0.25479166666666664 0.02233333333333339 0.13618055555555553
0 0.29690625 0.19560185185185186 0.016416666666666656 0.1095138888888889
0 0.26530729166666667 0.1693287037037037 0.009171874999999977 0.1017824074074074
0 0.270078125 0.25113425925925925 0.015041666666666694 0.14516203703703706
0 0.2599166666666667 0.35006944444444443 0.005276041666666664 0.09231481481481481
0 0.31105208333333334 0.4325925925925926 0.027744791666666657 0.05763888888888884
0 0.2991979166666667 0.47701388888888885 0.03017708333333336 0.08939814814814816
0 0.23916666666666667 0.3423379629629629 0.008255208333333345 0.0931712962962963
0 0.241640625 0.1625925925925926 0.009541666666666693 0.10259259259259258
0 0.23272395833333331 0.24409722222222227 0.012338541666666696 0.1514583333333334
0 0.20811979166666666 0.16828703703703704 0.014953125000000018 0.11400462962962964
0 0.19036979166666665 0.13793981481481482 0.009723958333333312 0.04106481481481482
0 0.19458854166666667 0.22199074074074077 0.01999479166666666 0.14189814814814816
0 0.18374479166666668 0.19925925925925925 0.017104166666666684 0.13518518518518519
0 0.20935416666666665 0.3557638888888889 0.02201562499999999 0.08944444444444441
0 0.19163020833333333 0.3679861111111111 0.01820833333333335 0.09759259259259265
0 0.18716145833333334 0.39284722222222224 0.02531770833333334 0.05763888888888884
0 0.19836979166666666 0.4496990740740741 0.02893749999999997 0.102037037037037
0 0.19174479166666666 0.50625 0.017979166666666657 0.10300925925925926
0 0.17122395833333334 0.35944444444444446 0.013619791666666655 0.023425925925925937
0 0.15436979166666667 0.35800925925925925 0.012838541666666654 0.027916666666666673
0 0.14659375 0.36270833333333335 0.0074739583333333455 0.0381018518518518
0 0.06340104166666666 0.4671527777777778 0.009859374999999997 0.04518518518518514
0 0.06904166666666667 0.49016203703703703 0.009218749999999994 0.038263888888888827
0 0.049895833333333334 0.52125 0.008989583333333329 0.033148148148148135