2 0.9700520833333334 0.7348611111111111 0.059895833333333336 0.2644675925925926
2 0.6983489583333333 0.9054861111111111 0.1171875 0.1890277777777777
2 0.38081770833333334 0.5246527777777777 0.04808854166666663 0.25300925925925927
1 0.264671875 0.6334953703703704 0.15954687500000003 0.7330092592592592
1 0.7835052083333333 0.6006944444444444 0.16076562500000005 0.7986111111111112
0 0.9424218750000001 0.5882638888888889 0.013453124999999962 0.04386574074074078
0 0.91659375 0.5295138888888888 0.013124999999999906 0.027430555555555607
0 0.9222760416666667 0.5364351851851852 0.01215104166666663 0.018194444444444475
0 0.925203125 0.557662037037037 0.014098958333333418 0.028865740740740803
0 0.8759791666666668 0.4843287037037037 0.013776041666666572 0.020833333333333332
0 0.838 0.5174074074074074 0.0053958333333334 0.03210648148148149
0 0.8111666666666667 0.49215277777777783 0.0050052083333334 0.036458333333333336
0 0.7840052083333333 0.5594212962962962 0.007864583333333286 0.026597222222222244
0 0.787546875 0.5840972222222222 0.016895833333333363 0.04421296296296295
0 0.7787395833333334 0.6064814814814815 0.009031250000000076 0.04562500000000002
0 0.6711354166666667 0.6099305555555555 0.01799999999999997 0.029467592592592635
0 0.7153541666666666 0.2503472222222222 0.012213541666666572 0.04668981481481485
0 0.7104791666666667 0.31282407407407403 0.019364583333333248 0.1341435185185185
0 0.7234114583333333 0.3268287037037037 0.023130208333333256 0.14770833333333333
0 0.7357552083333334 0.26851851851851855 0.016635416666666694 0.11194444444444447
0 0.7707812500000001 0.2559722222222222 0.010005208333333352 0.10703703703703703
0 0.7672083333333333 0.33837962962962964 0.014557291666666573 0.15923611111111116
0 0.7954739583333333 0.2555324074074074 0.010005208333333352 0.10328703703703701
0 0.8019999999999999 0.33939814814814817 0.014619791666666751 0.16414351851851847
0 0.8316979166666666 0.2678009259259259 0.015531250000000085 0.11337962962962964
0 0.8569739583333333 0.3041666666666667 0.01799999999999997 0.13993055555555553
0 0.8444322916666667 0.3274074074074074 0.02280729166666665 0.14886574074074074
0 0.767953125 0.5923148148148148 0.014098958333333418 0.09240740740740738
0 0.6082656249999999 0.580486111111111 0.011177083333333353 0.03699074074074072
0 0.6140833333333333 0.6325925925925925 0.012541666666666628 0.043611111111111184
0 0.43405208333333334 0.6354166666666666 0.006375000000000005 0.03928240740740747
0 0.44330729166666666 0.6463657407407408 0.012546874999999957 0.03682870370370363
0 0.45533854166666665 0.6838425925925926 0.00986979166666669 0.03254629629629617
0 0.4579791666666667 0.6949537037037038 0.014463541666666658 0.02736111111111123
0 0.4640416666666667 0.717962962962963 0.012203125000000033 0.03983796296296305
0 0.41005729166666666 0.5997685185185185 0.013229166666666714 0.03502314814814814
0 0.34527604166666664 0.9891666666666666 0.026942708333333343 0.021643518518518572
0 0.32645312499999996 0.5979398148148148 0.009187500000000052 0.04356481481481486
0 0.32960937500000004 0.5486111111111112 0.01275000000000001 0.03018518518518523
0 0.313359375 0.3341435185185185 0.01590624999999998 0.11317129629629627
0 0.33115104166666665 0.34694444444444444 0.01652083333333335 0.11437499999999996
0 0.2788125 0.3177083333333333 0.00986979166666669 0.10465277777777776
0 0.25276041666666665 0.31495370370370374 0.00986979166666669 0.10525462962962966
0 0.2557395833333333 0.8279166666666667 0.030234374999999977 0.08303240740740742
0 0.228765625 0.7947222222222222 0.024953124999999982 0.07148148148148147
0 0.21906770833333333 0.32805555555555554 0.01583854166666665 0.11317129629629627
0 0.19860416666666666 0.30856481481481485 0.011244791666666682 0.049814814814814805
0 0.19297916666666665 0.3734490740740741 0.019192708333333346 0.13689814814814813
0 0.20545833333333335 0.3889814814814815 0.022213541666666656 0.149675925925926
0 0.17053125 0.7945601851851852 0.018166666666666664 0.07118055555555555
0 0.14177083333333332 0.5620138888888889 0.0065833333333333265 0.02958333333333327
0 0.07595833333333334 0.6887268518518518 0.015494791666666667 0.02708333333333344
0 0.0721875 0.7065509259259259 0.01480729166666667 0.03530092592592592
0 0.05930208333333333 0.710949074074074 0.010968750000000001 0.05326388888888887
0 0.48947916666666663 0.8115972222222223 0.009598958333333367 0.05648148148148143