2 0.6639739583333333 0.32446759259259256 0.041494791666666704 0.2461805555555555
2 0.62421875 0.38773148148148145 0.04878645833333337 0.24921296296296291
2 0.34618229166666664 0.39699074074074076 0.04652604166666663 0.20601851851851852
2 0.37959895833333335 0.41858796296296297 0.04913020833333329 0.249212962962963
2 0.15407812499999998 0.38078703703703703 0.052953125 0.2199074074074074
1 0.25286458333333334 0.5207175925925925 0.15677083333333333 0.8469907407407407
1 0.758765625 0.49333333333333335 0.1616302083333333 0.8462268518518518
0 0.9485572916666667 0.5041666666666667 0.011239583333333296 0.04136574074074075
0 0.950953125 0.5350231481481481 0.013942708333333324 0.04988425925925929
0 0.9537083333333333 0.5970833333333333 0.0163333333333334 0.042222222222222244
0 0.9664270833333333 0.6271296296296297 0.016281250000000115 0.037592592592592615
0 0.8937760416666667 0.4078935185185185 0.013526041666666563 0.036087962962962905
0 0.8070520833333333 0.14673611111111112 0.016437499999999973 0.11266203703703702
0 0.8282239583333334 0.12513888888888888 0.011963541666666562 0.04863425925925925
0 0.8329322916666667 0.19087962962962962 0.01878124999999997 0.14083333333333334
0 0.8201354166666667 0.20844907407407406 0.022317708333333287 0.1482175925925926
0 0.7733125 0.12719907407407408 0.00983333333333339 0.1036574074074074
0 0.7772708333333332 0.2190740740740741 0.013578125000000085 0.16023148148148147
0 0.7667083333333333 0.21643518518518517 0.008062500000000009 0.09712962962962965
0 0.7478750000000001 0.12523148148148147 0.009937499999999962 0.11127314814814816
0 0.7403854166666667 0.2142361111111111 0.01420312499999999 0.15979166666666667
0 0.748734375 0.3180324074074074 0.005411458333333267 0.10379629629629633
0 0.7681666666666668 0.45002314814814814 0.0031718750000000757 0.10418981481481479
0 0.7083645833333333 0.5407638888888889 0.021432291666666714 0.06138888888888885
0 0.719546875 0.6066435185185185 0.026114583333333267 0.06828703703703703
0 0.7116145833333333 0.13657407407407407 0.015453125000000038 0.11546296296296295
0 0.6908802083333333 0.1156712962962963 0.011963541666666562 0.04819444444444443
0 0.6852135416666666 0.17944444444444443 0.018312499999999923 0.13877314814814817
0 0.5678177083333333 0.47398148148148145 0.014515624999999944 0.03187499999999996
0 0.566390625 0.48159722222222223 0.011135416666666724 0.0332638888888889
0 0.5643333333333334 0.4934027777777778 0.012744791666666562 0.0521990740740741
0 0.5596770833333333 0.5031018518518519 0.009156249999999961 0.04386574074074071
0 0.41036979166666665 0.5125231481481481 0.01019791666666663 0.034976851851851884
0 0.41838020833333334 0.5441898148148149 0.013734374999999943 0.047453703703703706
0 0.4311770833333333 0.585925925925926 0.012276041666666633 0.026851851851851904
0 0.43783854166666664 0.6052314814814814 0.011031250000000032 0.0492592592592592
0 0.317140625 0.18074074074074073 0.011031250000000032 0.04423611111111108
0 0.3221354166666667 0.2432638888888889 0.018937499999999947 0.12997685185185184
0 0.30977604166666667 0.2505324074074074 0.022838541666666618 0.13759259259259254
0 0.29705729166666667 0.19770833333333332 0.016645833333333353 0.10826388888888891
0 0.2656354166666667 0.1718287037037037 0.009989583333333336 0.10273148148148147
0 0.269484375 0.2504166666666667 0.015609375000000014 0.148912037037037
0 0.24149479166666668 0.16201388888888887 0.009572916666666664 0.10388888888888888
0 0.23265104166666667 0.24358796296296295 0.012692708333333335 0.1514583333333333
0 0.23920833333333333 0.3441666666666667 0.009156250000000022 0.09824074074074074
0 0.208125 0.16581018518518517 0.01409895833333336 0.10918981481481484
0 0.20867187499999998 0.3503935185185185 0.02091145833333332 0.07835648148148154
0 0.18976041666666665 0.14293981481481483 0.011703125000000014 0.04956018518518518
0 0.18375 0.20094907407407409 0.015817708333333336 0.1332175925925926
0 0.194703125 0.21886574074074072 0.01846875000000002 0.1436111111111111
0 0.36578125 0.43687499999999996 0.012588541666666704 0.03395833333333337
0 0.159375 0.37076388888888884 0.013369791666666646 0.02199074074074074
0 0.06326041666666665 0.46564814814814814 0.009468749999999996 0.04296296296296297
0 0.06934895833333334 0.4903935185185185 0.008114583333333333 0.03233796296296303
0 0.04965625 0.5225231481481482 0.008791666666666665 0.0272222222222222
0 0.6984270833333334 0.19793981481481482 0.021328124999999906 0.15032407407407408