2 0.6627604166666666 0.7646527777777777 0.08420312500000003 0.4706712962962964
2 0.39600520833333336 0.5678472222222223 0.05243229166666671 0.27766203703703707
2 0.19383854166666667 0.6021527777777778 0.0734375 0.3385879629629629
1 0.2640625 0.6315509259259259 0.16354166666666667 0.7368750000000001
1 0.7825520833333334 0.6006944444444444 0.1640625 0.7986111111111112
0 0.9486666666666667 0.6423842592592592 0.015005208333333304 0.03377314814814822
0 0.9176354166666666 0.5443287037037037 0.01086979166666661 0.04363425925925931
0 0.9125052083333334 0.705 0.019364583333333248 0.0437962962962962
0 0.8802604166666667 0.550462962962963 0.015005208333333304 0.0313888888888889
0 0.855765625 0.3066435185185185 0.01842708333333339 0.13712962962962966
0 0.8427708333333332 0.3288194444444445 0.020578125000000114 0.1398148148148148
0 0.8302239583333333 0.2662037037037037 0.014786458333333268 0.1101851851851852
0 0.7949947916666668 0.2566435185185185 0.008880208333333427 0.10578703703703701
0 0.7696458333333334 0.2556712962962963 0.010593750000000075 0.10381944444444444
0 0.7348072916666666 0.27 0.0159427083333334 0.1104166666666667
0 0.714921875 0.24782407407407409 0.012026041666666742 0.048912037037037025
0 0.7100937500000001 0.31312500000000004 0.019473958333333267 0.13784722222222226
0 0.7222031250000001 0.32733796296296297 0.022177083333333295 0.1466666666666667
0 0.6900677083333334 0.5838888888888889 0.007005208333333238 0.049212962962962944
0 0.703390625 0.6249537037037037 0.016552083333333436 0.025902777777777903
0 0.7115572916666667 0.642824074074074 0.013020833333333334 0.056782407407407344
0 0.7011302083333334 0.6552083333333334 0.008718749999999886 0.039861111111111173
0 0.6074531249999999 0.5796064814814814 0.011697916666666686 0.040671296296296344
0 0.46454166666666663 0.7034027777777778 0.007229166666666723 0.04305555555555561
0 0.42104166666666665 0.6125925925925926 0.013463541666666618 0.040416666666666684
0 0.3878020833333334 0.7451851851851852 0.01815104166666662 0.045717592592592594
0 0.38253645833333333 0.560625 0.0059583333333333615 0.027199074074074073
0 0.3555 0.5854861111111112 0.013130208333333353 0.03037037037037038
0 0.32935416666666667 0.34391203703703704 0.015447916666666709 0.11358796296296295
0 0.2857708333333333 0.6026620370370371 0.004411458333333348 0.04261574074074073
0 0.242765625 0.6863657407407407 0.008328125000000004 0.026134259259259177
0 0.254875 0.8270601851851852 0.03089583333333333 0.08194444444444439
0 0.21824479166666666 0.3284722222222222 0.017213541666666644 0.11458333333333333
0 0.19827604166666665 0.30298611111111107 0.01036979166666665 0.04400462962962961
0 0.1920416666666667 0.37233796296296295 0.018869791666666677 0.13858796296296297
0 0.204453125 0.3875462962962963 0.022729166666666658 0.14935185185185182
0 0.227484375 0.7925231481481482 0.02410937499999998 0.06925925925925916
0 0.14431770833333332 0.6694675925925926 0.015005208333333304 0.04874999999999988