2 0.8897552083333333 0.5739814814814815 0.07465104166666663 0.5059953703703703
2 0.6602447916666667 0.7221064814814815 0.08090104166666663 0.4627083333333333
2 0.44331770833333334 0.7024537037037036 0.06892187499999997 0.2305324074074075
2 0.22803645833333333 0.4957175925925926 0.048088541666666686 0.2183101851851852
1 0.26493229166666665 0.6315509259259259 0.16180729166666666 0.7368750000000001
1 0.7816822916666666 0.6045601851851852 0.16579687499999995 0.7908796296296295
0 0.9733229166666667 0.7696527777777779 0.017572916666666553 0.03726851851851857
0 0.9211145833333333 0.533125 0.012114583333333448 0.025763888888888878
0 0.92384375 0.5545138888888889 0.014187499999999886 0.03511574074074078
0 0.8820416666666666 0.5505555555555556 0.010859374999999952 0.03037037037037038
0 0.8557604166666667 0.3066435185185185 0.017875000000000085 0.13553240740740743
0 0.8431302083333333 0.3275925925925926 0.021781250000000085 0.14435185185185187
0 0.8300989583333334 0.2647222222222222 0.015578124999999924 0.10689814814814813
0 0.7950937499999999 0.252037037037037 0.010114583333333371 0.10358796296296297
0 0.7694635416666666 0.2575462962962963 0.009744791666666686 0.10358796296296292
0 0.7660208333333334 0.34097222222222223 0.014645833333333276 0.15731481481481477
0 0.7352083333333332 0.26997685185185183 0.015703125000000047 0.11185185185185184
0 0.7153177083333334 0.24833333333333332 0.011296875000000029 0.04925925925925926
0 0.7220208333333333 0.32689814814814816 0.022218749999999923 0.14574074074074073
0 0.7100416666666667 0.3158796296296296 0.019364583333333248 0.13469907407407408
0 0.7424375 0.6337037037037037 0.004718749999999971 0.04219907407407412
0 0.7008229166666666 0.5809027777777778 0.006515625000000113 0.04414351851851857
0 0.704703125 0.6221296296296296 0.018619791666666666 0.030069444444444465
0 0.70696875 0.6477777777777777 0.012598958333333361 0.042731481481481565
0 0.7188541666666667 0.6400462962962963 0.009682291666666742 0.049351851851851966
0 0.6073906250000001 0.5800694444444444 0.011416666666666705 0.04247685185185184
0 0.42152083333333334 0.6115046296296297 0.01328125 0.03914351851851851
0 0.400203125 0.7190277777777778 0.017192708333333327 0.04460648148148144
0 0.38654687499999996 0.5683333333333334 0.012223958333333347 0.04386574074074071
0 0.35567187499999997 0.585023148148148 0.013156249999999996 0.030324074074074062
0 0.3266875 0.6909027777777779 0.017874999999999967 0.05175925925925929
0 0.32997916666666666 0.3430324074074074 0.01576562499999999 0.11453703703703705
0 0.3022395833333333 0.6860648148148148 0.009932291666666633 0.028310185185185226
0 0.25519270833333335 0.8280787037037037 0.030036458333333342 0.0778472222222222
0 0.227796875 0.79375 0.024265625000000016 0.06712962962962964
0 0.21786458333333333 0.3296527777777778 0.016817708333333313 0.11534722222222218
0 0.19797395833333334 0.3060879629629629 0.012411458333333354 0.043402777777777776
0 0.20393229166666668 0.3876851851851852 0.02184374999999997 0.14041666666666672
0 0.192140625 0.37388888888888894 0.01811979166666665 0.13490740740740748
0 0.2191979166666667 0.6495601851851852 0.014520833333333332 0.04076388888888892
0 0.15903124999999999 0.643888888888889 0.010239583333333318 0.04326388888888902
0 0.14261458333333332 0.5597916666666667 0.003473958333333312 0.02400462962962964
0 0.26478125 0.3438888888888889 0.02190624999999997 0.04175925925925931
0 0.3831979166666667 0.982824074074074 0.008624999999999971 0.0343287037037038