2 0.4300364583333333 0.6284027777777779 0.051041666666666666 0.29844907407407417
2 0.3692708333333333 0.636087962962963 0.08229166666666667 0.4373148148148147
1 0.26293229166666665 0.6238425925925926 0.1630208333333333 0.7523148148148148
2 0.8973072916666667 0.5 0.14010416666666667 1
2 0.784375 0.5987731481481482 0.16597395833333337 0.8024537037037036
0 0.9278697916666666 0.5486111111111112 0.014473958333333314 0.04652777777777783
0 0.8564479166666668 0.3056712962962963 0.016989583333333277 0.13490740740740736
0 0.843734375 0.3282638888888889 0.020874999999999963 0.1428472222222222
0 0.8307239583333333 0.2659259259259259 0.015791666666666752 0.11657407407407411
0 0.7950104166666667 0.25462962962962965 0.010171875000000104 0.10729166666666669
0 0.7350104166666667 0.26898148148148154 0.015791666666666752 0.11472222222222227
0 0.7177239583333334 0.2794907407407407 0.018307291666666715 0.11710648148148149
0 0.7106354166666667 0.3108564814814815 0.02147395833333334 0.13729166666666667
0 0.6207239583333333 0.5893055555555556 0.015135416666666639 0.03749999999999997
0 0.46321875 0.7033333333333333 0.010588541666666628 0.05020833333333346
0 0.38554166666666667 0.5640509259259259 0.0113645833333333 0.03219907407407413
0 0.37241145833333333 0.589837962962963 0.008432291666666696 0.02527777777777775
0 0.381234375 0.6174768518518519 0.007536458333333347 0.01675925925925928
0 0.32960937500000004 0.3446064814814815 0.016750000000000043 0.11175925925925922
0 0.255015625 0.8303703703703704 0.030869791666666656 0.08624999999999998
0 0.22731770833333334 0.7943518518518519 0.025125000000000005 0.07270833333333326
0 0.19863541666666668 0.3067361111111111 0.012619791666666677 0.04666666666666669
0 0.20389583333333333 0.38939814814814816 0.02315104166666669 0.14284722222222218
0 0.199828125 0.6892361111111112 0.017406249999999977 0.04060185185185177
0 0.18041666666666664 0.9284490740740741 0.012682291666666679 0.08835648148148138