2 0.859375 0.7550231481481482 0.11458333333333333 0.4899537037037036
2 0.40546875 0.3892824074074074 0.04183854166666663 0.2523148148148148
2 0.372484375 0.3615046296296296 0.052255208333333296 0.2584953703703704
2 0.09947916666666666 0.5697685185185185 0.06354166666666666 0.242962962962963
1 0.24488020833333335 0.5079861111111111 0.16163020833333336 0.8292361111111112
1 0.740625 0.5230324074074074 0.1618072916666667 0.8670370370370372
0 0.6921822916666667 0.7498148148148148 0.02268749999999997 0.09375
0 0.6681875 0.21131944444444445 0.018031249999999943 0.14155092592592594
0 0.67990625 0.22819444444444445 0.023276041666666695 0.1515277777777778
0 0.6734843749999999 0.14453703703703702 0.01043229166666677 0.04127314814814813
0 0.6979635416666666 0.364537037037037 0.021401041666666742 0.08418981481481483
0 0.6941354166666667 0.17291666666666666 0.017494791666666742 0.11946759259259257
0 0.7231875 0.23747685185185186 0.014604166666666647 0.16532407407407412
0 0.7281666666666666 0.1565277777777778 0.010645833333333361 0.11043981481481484
0 0.7523489583333334 0.34694444444444444 0.009791666666666761 0.10606481481481479
0 0.7600781249999999 0.23319444444444443 0.014015624999999924 0.16627314814814817
0 0.753390625 0.15664351851851852 0.010270833333333229 0.10831018518518516
0 0.7883020833333333 0.16543981481481482 0.015354166666666676 0.11162037037037037
0 0.815109375 0.2013425925925926 0.02081250000000002 0.140625
0 0.8070052083333333 0.1780324074074074 0.01690625000000002 0.12256944444444444
0 0.8827135416666666 0.6167361111111112 0.036166666666666694 0.10821759259259259
0 0.8797135416666666 0.4230787037037037 0.013057291666666752 0.034768518518518476
0 0.9333541666666666 0.5237499999999999 0.014927083333333258 0.029259259259259228
0 0.9259687499999999 0.4905787037037037 0.013000000000000018 0.036643518518518485
0 0.9467031250000001 0.5579861111111112 0.01433854166666677 0.031134259259259233
0 0.5226041666666666 0.6391666666666667 0.012036458333333281 0.05081018518518529
0 0.461765625 0.6240740740740741 0.013963541666666638 0.03726851851851857
0 0.4437916666666667 0.5518981481481481 0.007973958333333305 0.05229166666666661
0 0.42926562500000004 0.5391898148148149 0.006208333333333371 0.033981481481481494
0 0.43480208333333337 0.5754398148148149 0.013536458333333338 0.018518518518518517
0 0.4351510416666667 0.6009953703703703 0.013697916666666643 0.033958333333333306
0 0.40853125 0.5690277777777778 0.009151041666666634 0.08650462962962964
0 0.4029375 0.39798611111111115 0.010270833333333347 0.05592592592592598
0 0.3100572916666666 0.1439351851851852 0.011234374999999967 0.04009259259259261
0 0.3154583333333333 0.20657407407407405 0.01669270833333331 0.12969907407407408
0 0.30363541666666666 0.2187037037037037 0.019796874999999995 0.13967592592592593
0 0.2913854166666667 0.17233796296296297 0.015625 0.1087962962962963
0 0.28672916666666665 0.3570601851851852 0.020223958333333295 0.08349537037037036
0 0.30360937499999996 0.3740509259259259 0.0202760416666667 0.09131944444444441
0 0.309359375 0.4050925925925926 0.02375520833333328 0.0558796296296296
0 0.29676041666666664 0.45393518518518516 0.030124999999999957 0.09888888888888882
0 0.2566041666666667 0.1583101851851852 0.009739583333333357 0.09499999999999999
0 0.26214583333333336 0.23532407407407407 0.012786458333333339 0.15391203703703707
0 0.25425000000000003 0.34314814814814815 0.005031249999999984 0.09608796296296294
0 0.23367708333333334 0.15747685185185187 0.009364583333333343 0.10048611111111111
0 0.22541145833333334 0.23831018518518518 0.014765625000000011 0.15747685185185187
0 0.20005208333333335 0.1751851851851852 0.01541145833333335 0.11449074074074075
0 0.18052083333333335 0.15310185185185185 0.009526041666666648 0.04650462962962964
0 0.17394270833333333 0.2137037037037037 0.018833333333333317 0.13444444444444442
0 0.18544791666666666 0.22689814814814813 0.021510416666666643 0.1441898148148148
0 0.18207291666666667 0.4119907407407407 0.028677083333333363 0.055393518518518536
0 0.193203125 0.4606018518518518 0.029536458333333352 0.0931712962962963
0 0.13622395833333334 0.4022453703703704 0.011880208333333319 0.03115740740740736
0 0.073890625 0.4905555555555555 0.011343749999999986 0.02944444444444451
0 0.07094791666666667 0.5193287037037037 0.00866666666666666 0.03465277777777784
0 0.05414583333333333 0.5558101851851852 0.009307291666666669 0.04344907407407403
0 0.015302083333333334 0.8596990740740741 0.008130208333333335 0.07289351851851854
0 0.2040625 0.3808796296296296 0.005307291666666695 0.03675925925925925