2 0.702515625 0.5493287037037037 0.07691145833333338 0.3332175925925925
2 0.828734375 0.5990972222222223 0.06892187499999997 0.14729166666666665
2 0.36493229166666663 0.5065277777777778 0.04235937499999996 0.23990740740740737
2 0.21875 0.5747916666666667 0.0625 0.3069675925925926
1 0.26588541666666665 0.6315509259259259 0.1585052083333333 0.7368750000000001
1 0.784375 0.6006944444444444 0.16597395833333337 0.7986111111111112
0 0.9220677083333333 0.5339814814814815 0.01157812500000001 0.027083333333333307
0 0.9250677083333334 0.5582407407407407 0.013593749999999953 0.03337962962962967
0 0.9048020833333333 0.558912037037037 0.01466666666666659 0.029004629629629568
0 0.8739010416666667 0.5187962962962963 0.008192708333333344 0.04217592592592599
0 0.886703125 0.5296527777777778 0.014494791666666628 0.02958333333333327
0 0.8881197916666667 0.63875 0.016468749999999942 0.05525462962962964
0 0.7840260416666667 0.56625 0.009005208333333315 0.04937499999999996
0 0.7608854166666668 0.5178472222222222 0.01033854166666662 0.036458333333333336
0 0.7427239583333333 0.6318055555555555 0.004458333333333305 0.04324074074074063
0 0.856765625 0.3027314814814815 0.018526041666666753 0.1361574074074074
0 0.8445 0.3281712962962963 0.021442708333333373 0.14319444444444449
0 0.8309479166666667 0.2642361111111111 0.014927083333333258 0.11254629629629631
0 0.79596875 0.252037037037037 0.009734375000000028 0.10340277777777782
0 0.8013072916666667 0.33817129629629633 0.013124999999999906 0.15368055555555551
0 0.7704062500000001 0.255 0.010078124999999953 0.10358796296296297
0 0.7669114583333333 0.3396064814814815 0.01466666666666659 0.15842592592592591
0 0.7359010416666667 0.27111111111111114 0.016984375000000065 0.11863425925925926
0 0.7157864583333333 0.24766203703703701 0.011921874999999934 0.05270833333333336
0 0.7230572916666667 0.32780092592592597 0.023458333333333314 0.1500462962962963
0 0.7110885416666667 0.3111111111111111 0.01925520833333323 0.1376851851851852
0 0.6081770833333333 0.578912037037037 0.012437500000000056 0.04421296296296295
0 0.38506250000000003 0.5693981481481482 0.013125000000000024 0.0346990740740741
0 0.409359375 0.6020601851851851 0.013255208333333357 0.040972222222222264
0 0.4346041666666667 0.6396064814814815 0.006692708333333286 0.043611111111111184
0 0.44337499999999996 0.6444675925925927 0.013510416666666695 0.03999999999999994
0 0.45510416666666664 0.6735416666666667 0.009947916666666619 0.019976851851851843
0 0.45744270833333334 0.695925925925926 0.014197916666666663 0.02854166666666676
0 0.4638541666666667 0.7133564814814816 0.012010416666666638 0.05006944444444444
0 0.34230208333333334 0.6327314814814814 0.01381249999999999 0.03557870370370372
0 0.33031770833333335 0.3453472222222222 0.016854166666666615 0.11655092592592595
0 0.32238020833333336 0.7059027777777778 0.013854166666666619 0.05993055555555552
0 0.2786770833333333 0.3179166666666667 0.009218750000000024 0.10171296296296296
0 0.252171875 0.3116203703703704 0.009390624999999986 0.10057870370370368
0 0.21852083333333333 0.32916666666666666 0.01629687499999998 0.11275462962962962
0 0.19898437500000002 0.29907407407407405 0.011109375000000022 0.022060185185185155
0 0.20501041666666667 0.3896527777777778 0.022729166666666658 0.15180555555555553
0 0.19321875000000002 0.37175925925925923 0.018869791666666677 0.13884259259259263
0 0.14059375 0.5618518518518518 0.00926562499999998 0.03108796296296298
0 0.07567708333333334 0.6880092592592594 0.014968750000000005 0.03178240740740745
0 0.07207812499999999 0.7094444444444444 0.014624999999999992 0.03462962962962971
0 0.05938020833333334 0.7144907407407408 0.011536458333333336 0.05043981481481473
0 0.22838541666666667 0.7957175925925926 0.024874999999999994 0.07370370370370377
0 0.20239583333333336 0.6394444444444445 0.015781249999999976 0.043287037037037145
0 0.383625 0.9823611111111111 0.009390624999999986 0.0352777777777778