2 0.9108489583333333 0.42166666666666663 0.04913020833333329 0.19365740740740747
2 0.6658854166666667 0.2951620370370371 0.034895833333333334 0.24928240740740742
2 0.6274322916666667 0.3549537037037037 0.04652604166666663 0.19138888888888891
2 0.3565989583333333 0.4078009259259259 0.03264062500000004 0.13504629629629625
2 0.3859375 0.46796296296296297 0.053125 0.16277777777777777
2 0.10555729166666666 0.3723148148148148 0.0375 0.18752314814814813
1 0.250171875 0.5156944444444445 0.14965104166666668 0.8138194444444444
1 0.7583333333333333 0.5153009259259259 0.1625 0.8824768518518519
0 0.9488749999999999 0.5275925925925926 0.0060260416666667515 0.04530092592592591
0 0.8254687500000001 0.15900462962962963 0.01813541666666675 0.11414351851851852
0 0.8326666666666667 0.18974537037037037 0.020255208333333267 0.13592592592592592
0 0.8071927083333333 0.14636574074074074 0.016739583333333266 0.11363425925925928
0 0.7739895833333333 0.12863425925925925 0.009484375000000019 0.10546296296296295
0 0.75828125 0.3975231481481481 0.006531249999999981 0.06541666666666665
0 0.6907604166666667 0.11486111111111111 0.012109375 0.05064814814814814
0 0.6852343750000001 0.18104166666666666 0.01780208333333325 0.13837962962962963
0 0.6977916666666667 0.20025462962962964 0.02170833333333325 0.14953703703703702
0 0.683171875 0.44277777777777777 0.008093749999999981 0.04925925925925933
0 0.5858229166666666 0.42194444444444446 0.0109375 0.027430555555555607
0 0.43629687500000003 0.6017361111111111 0.010437499999999982 0.0447453703703704
0 0.32153645833333333 0.24085648148148145 0.018078125000000018 0.1315046296296296
0 0.30995833333333334 0.25375000000000003 0.021151041666666613 0.13743055555555556
0 0.23294791666666667 0.24245370370370373 0.011661458333333326 0.1496064814814815
0 0.20864583333333334 0.1658564814814815 0.013838541666666693 0.11046296296296296
0 0.19171354166666665 0.17550925925925925 0.014562500000000018 0.11493055555555556
0 0.06046354166666667 0.4857175925925926 0.013223958333333325 0.028495370370370376
0 0.09561979166666666 0.24358796296296298 0.013223958333333325 0.03034722222222219