2 0.8941822916666666 0.4046990740740741 0.050520833333333334 0.28314814814814815
2 0.6505208333333333 0.5882638888888889 0.06840104166666663 0.4034027777777777
2 0.6774322916666667 0.7955324074074075 0.09097395833333337 0.4089351851851851
2 0.3536458333333333 0.5558796296296296 0.06493229166666671 0.3694675925925926
2 0.24808854166666666 0.8456712962962962 0.10381770833333336 0.30863425925925936
2 0.16189062499999998 0.4285648148148148 0.058161458333333325 0.6240972222222223
1 0.24574479166666663 0.5372916666666667 0.1598958333333333 0.8569907407407408
1 0.7396718750000001 0.5326620370370371 0.16510416666666666 0.8477546296296297
0 0.8287083333333333 0.4330787037037037 0.0068229166666666195 0.0676157407407407
0 0.8070104166666667 0.17368055555555556 0.017583333333333447 0.10930555555555556
0 0.8151354166666667 0.20381944444444444 0.019734374999999933 0.13333333333333333
0 0.7881666666666667 0.16824074074074075 0.015505208333333324 0.11490740740740739
0 0.739171875 0.433587962962963 0.007270833333333352 0.07189814814814816
0 0.6761510416666667 0.18340277777777778 0.016989583333333277 0.1188425925925926
0 0.6937708333333333 0.7495138888888889 0.01735937499999996 0.09381944444444439
0 0.6682864583333333 0.2105787037037037 0.019067708333333398 0.13037037037037036
0 0.329859375 0.4273148148148148 0.007640625000000038 0.06594907407407409
0 0.30741666666666667 0.17956018518518516 0.015432291666666724 0.11118055555555556
0 0.31428124999999996 0.20756944444444445 0.019510416666666686 0.13423611111111114
0 0.29161979166666663 0.1721527777777778 0.01498437499999999 0.11284722222222222
0 0.245921875 0.4274305555555556 0.007416666666666671 0.06622685185185188
0 0.19484375 0.10886574074074075 0.018770833333333313 0.10495370370370372
0 0.1829375 0.18979166666666666 0.01646875 0.11187500000000002
0 0.17433333333333334 0.21747685185185187 0.020031250000000018 0.12766203703703705