2 0.934546875 0.7550231481481482 0.08784895833333337 0.4899537037037036
2 0.8401041666666667 0.3352777777777778 0.051734374999999964 0.20606481481481478
2 0.5975677083333333 0.4652777777777778 0.05625 0.14967592592592585
2 0.11102604166666666 0.3738425925925926 0.057119791666666676 0.19060185185185188
2 0.16397395833333334 0.3738425925925926 0.0484375 0.19060185185185188
2 0.167359375 0.5728703703703703 0.056942708333333356 0.24912037037037033
1 0.25104166666666666 0.5353703703703704 0.1618072916666667 0.83
1 0.759375 0.5095138888888889 0.16458333333333333 0.8631944444444444
0 0.9266979166666667 0.5684490740740741 0.016999999999999935 0.07578703703703706
0 0.948171875 0.5031018518518519 0.009609374999999904 0.03224537037037039
0 0.9513437499999999 0.5365046296296296 0.01268229166666662 0.04675925925925923
0 0.9536302083333333 0.5969212962962963 0.015953125000000058 0.03974537037037034
0 0.9660833333333334 0.628287037037037 0.016671875000000114 0.032777777777777704
0 0.8943385416666667 0.4091203703703704 0.013729166666666733 0.03898148148148142
0 0.8288281249999999 0.12722222222222224 0.011505208333333409 0.04754629629629631
0 0.8322291666666667 0.18819444444444444 0.018307291666666715 0.13467592592592595
0 0.8199739583333333 0.205625 0.021901041666666763 0.14627314814814815
0 0.8076822916666667 0.14724537037037036 0.015625 0.1166898148148148
0 0.7732604166666667 0.13171296296296295 0.01019791666666663 0.10594907407407407
0 0.7773489583333333 0.21710648148148148 0.015104166666666667 0.16050925925925927
0 0.7701250000000001 0.44962962962962966 0.006536458333333428 0.09967592592592593
0 0.719 0.6051851851851852 0.02719791666666656 0.06502314814814815
0 0.7078854166666667 0.545787037037037 0.020656249999999925 0.06534722222222226
0 0.7471770833333333 0.1282175925925926 0.010328124999999962 0.11347222222222225
0 0.7112864583333334 0.13967592592592593 0.015692708333333392 0.1160648148148148
0 0.6911510416666666 0.1162962962962963 0.012031249999999953 0.04898148148148147
0 0.6847083333333334 0.18034722222222221 0.01810937499999999 0.13928240740740744
0 0.6979166666666666 0.19703703703703704 0.020984374999999982 0.15233796296296298
0 0.6232916666666667 0.376875 0.0135989583333334 0.03840277777777772
0 0.577265625 0.4316435185185185 0.01307291666666662 0.028773148148148162
0 0.5761875 0.4599537037037037 0.014187499999999886 0.03020833333333336
0 0.5615729166666666 0.4966898148148148 0.010458333333333295 0.04268518518518518
0 0.43608854166666666 0.6016898148148149 0.010526041666666685 0.05511574074074068
0 0.40281249999999996 0.5058333333333334 0.013270833333333343 0.037731481481481505
0 0.37031770833333333 0.448912037037037 0.012354166666666682 0.040092592592592576
0 0.3445625 0.4185648148148148 0.01314062500000001 0.028773148148148162
0 0.35858333333333337 0.42784722222222227 0.011765624999999957 0.03574074074074073
0 0.35655729166666666 0.4337962962962963 0.011635416666666624 0.03312500000000001
0 0.2967083333333333 0.19574074074074074 0.016145833333333335 0.1032638888888889
0 0.31674479166666664 0.1791898148148148 0.01111458333333329 0.04111111111111109
0 0.3214166666666667 0.24280092592592592 0.018499999999999992 0.1276388888888889
0 0.30971875 0.2580555555555556 0.02255208333333331 0.1319675925925926
0 0.26571874999999995 0.17395833333333335 0.009088541666666661 0.10037037037037039
0 0.241171875 0.16046296296296295 0.00902083333333336 0.09949074074074071
0 0.23290104166666667 0.24280092592592592 0.014057291666666671 0.15085648148148145
0 0.20808854166666665 0.16872685185185185 0.013468750000000007 0.11314814814814814
0 0.18997916666666667 0.14171296296296296 0.009937500000000021 0.04171296296296297
0 0.1826354166666667 0.20108796296296297 0.015645833333333314 0.12949074074074074
0 0.19447916666666665 0.2220601851851852 0.019229166666666644 0.1403472222222222
0 0.14138020833333334 0.3609027777777778 0.011802083333333317 0.02488425925925926
0 0.08246875000000001 0.41391203703703705 0.013723958333333345 0.030671296296296297
0 0.06979166666666667 0.4443981481481481 0.004109374999999993 0.02560185185185186
0 0.06363020833333334 0.46400462962962963 0.010140624999999999 0.04539351851851855
0 0.06974999999999999 0.4915740740740741 0.0048958333333333215 0.03062500000000004