2 0.6534739583333333 0.3032638888888889 0.043057291666666705 0.2268981481481481
2 0.6110260416666667 0.35185185185185186 0.05017187499999996 0.24692129629629633
2 0.6180572916666667 0.7743055555555556 0.11110937499999997 0.4513888888888889
2 0.3293385416666667 0.43400462962962966 0.051041666666666666 0.24918981481481475
2 0.11553645833333334 0.36421296296296296 0.038369791666666674 0.17902777777777776
2 0.147828125 0.3491666666666667 0.03350520833333334 0.14125
1 0.25251562499999997 0.5222453703703704 0.1630208333333333 0.8500694444444444
1 0.7581614583333334 0.4971759259259259 0.165625 0.869375
0 0.96596875 0.626712962962963 0.01587500000000001 0.03608796296296304
0 0.9529270833333333 0.5443518518518519 0.010380208333333248 0.03918981481481483
0 0.9461510416666666 0.5031712962962963 0.012270833333333305 0.04835648148148145
0 0.89084375 0.40270833333333333 0.012354166666666562 0.04194444444444446
0 0.8788750000000001 0.41738425925925926 0.015015624999999961 0.036967592592592656
0 0.8283802083333334 0.12458333333333334 0.010984375000000076 0.04627314814814814
0 0.8333125 0.19243055555555555 0.018276041666666742 0.13622685185185185
0 0.8204843749999999 0.20881944444444442 0.022651041666666552 0.14613425925925924
0 0.8069270833333333 0.14706018518518518 0.01613020833333323 0.11414351851851852
0 0.7735052083333334 0.1310648148148148 0.010213541666666734 0.11261574074074072
0 0.7780520833333333 0.21722222222222223 0.014156249999999915 0.16289351851851852
0 0.769 0.4488425925925926 0.005489583333333314 0.09604166666666669
0 0.7472031250000001 0.12800925925925924 0.009953125000000066 0.1065277777777778
0 0.7109947916666666 0.13620370370370372 0.01647395833333339 0.11148148148148147
0 0.6904895833333333 0.11581018518518518 0.011499999999999962 0.051620370370370365
0 0.6851666666666667 0.17965277777777777 0.018020833333333285 0.13738425925925923
0 0.697953125 0.19814814814814813 0.021281250000000067 0.15527777777777774
0 0.7197447916666667 0.609537037037037 0.027114583333333307 0.07041666666666664
0 0.5758072916666667 0.6242361111111111 0.030119791666666628 0.10740740740740735
0 0.5784687500000001 0.43398148148148147 0.00969791666666661 0.039652777777777766
0 0.5664947916666667 0.47250000000000003 0.005489583333333314 0.048032407407407406
0 0.43598437500000004 0.5988888888888889 0.010468749999999952 0.049097222222222243
0 0.40342187500000004 0.5045138888888888 0.013130208333333353 0.03962962962962964
0 0.36986979166666667 0.4503935185185185 0.01295833333333339 0.03812500000000006
0 0.35948958333333336 0.43342592592592594 0.011067708333333334 0.03851851851851849
0 0.34653125 0.41854166666666665 0.010895833333333372 0.03166666666666668
0 0.3172291666666667 0.18006944444444445 0.010640625000000034 0.05046296296296299
0 0.3224635416666667 0.24354166666666666 0.01939062500000001 0.12782407407407406
0 0.30971875 0.25210648148148146 0.02222395833333337 0.1411805555555556
0 0.2966770833333333 0.19835648148148147 0.016734375000000058 0.1023148148148148
0 0.26565625000000004 0.1749074074074074 0.008750000000000006 0.09736111111111112
0 0.241546875 0.16347222222222224 0.01029687499999999 0.10500000000000001
0 0.2329635416666667 0.2406712962962963 0.013729166666666674 0.14879629629629634
0 0.20739583333333333 0.16766203703703705 0.014072916666666657 0.10576388888888888
0 0.18980208333333334 0.1385185185185185 0.01150000000000002 0.05124999999999998
0 0.19413541666666667 0.21819444444444447 0.01930729166666669 0.14194444444444443
0 0.08688020833333333 0.4172222222222222 0.0064375000000000075 0.02516203703703705