2 0.8579843749999999 0.3861805555555556 0.049307291666666704 0.27699074074074076
2 0.5994791666666667 0.3537731481481482 0.04965104166666663 0.27393518518518517
2 0.38229166666666664 0.4093287037037037 0.049307291666666704 0.26155092592592594
2 0.16996354166666666 0.35914351851851856 0.05868229166666664 0.6087037037037036
2 0.30026041666666664 0.8476157407407408 0.10920312500000001 0.30476851851851844
1 0.7571197916666667 0.5068287037037037 0.16354166666666667 0.8809259259259261
1 0.24834895833333331 0.5388425925925925 0.14774479166666665 0.8292361111111112
0 0.9487135416666667 0.5289351851851852 0.006354166666666572 0.04657407407407409
0 0.8253229166666666 0.16171296296296298 0.01683333333333342 0.11958333333333332
0 0.8326250000000001 0.19219907407407408 0.020010416666666704 0.13539351851851855
0 0.7582708333333333 0.3979629629629629 0.006604166666666581 0.0669675925925926
0 0.6914479166666666 0.11854166666666667 0.012703124999999933 0.052986111111111116
0 0.6988177083333333 0.19641203703703702 0.022359374999999914 0.14101851851851854
0 0.6853177083333333 0.18118055555555554 0.01886458333333323 0.14439814814814814
0 0.6707395833333333 0.39486111111111116 0.006859375000000038 0.0692129629629629
0 0.3864739583333333 0.5635185185185185 0.011307291666666686 0.039513888888888876
0 0.3313333333333333 0.4535648148148148 0.00838541666666662 0.06525462962962962
0 0.3100572916666666 0.25189814814814815 0.023630208333333277 0.13902777777777778
0 0.2478020833333333 0.42168981481481477 0.005843750000000014 0.06358796296296289
0 0.232875 0.24243055555555554 0.012833333333333327 0.15118055555555554
0 0.19168229166666664 0.17497685185185186 0.014927083333333317 0.1122222222222222