2 0.7868072916666667 0.8379629629629629 0.07360937499999996 0.32407407407407407
2 0.6323802083333334 0.7974537037037037 0.09635416666666667 0.4050925925925926
2 0.40477604166666664 0.5674537037037036 0.05433854166666663 0.28460648148148154
2 0.14409895833333333 0.6508564814814816 0.059026041666666675 0.698287037037037
1 0.2659739583333333 0.6257638888888889 0.15694270833333335 0.7484490740740741
1 0.7836822916666667 0.6006944444444444 0.16458333333333333 0.7986111111111112
0 0.9628802083333333 0.5852314814814815 0.012927083333333419 0.03238425925925928
0 0.9219479166666668 0.5307638888888889 0.013130208333333353 0.028310185185185226
0 0.9184583333333334 0.5436342592592592 0.012312499999999933 0.042662037037037054
0 0.8805260416666666 0.5513888888888888 0.015953125000000058 0.03081018518518519
0 0.8560833333333334 0.3052083333333333 0.018874999999999885 0.1380324074074074
0 0.8434375000000001 0.3251388888888889 0.0207760416666666 0.14372685185185183
0 0.8303854166666667 0.2644212962962963 0.0156979166666666 0.10659722222222218
0 0.8386666666666667 0.7817824074074075 0.028677083333333304 0.09946759259259265
0 0.7956041666666667 0.25335648148148154 0.009744791666666686 0.1027314814814815
0 0.7700312500000001 0.25666666666666665 0.010411458333333219 0.10706018518518519
0 0.7352552083333334 0.2710185185185185 0.016776041666666686 0.12208333333333332
0 0.7182499999999999 0.28229166666666666 0.017135416666666715 0.11958333333333332
0 0.7111197916666666 0.3125 0.0203125 0.1412037037037037
0 0.705140625 0.6304861111111111 0.018619791666666666 0.033958333333333236
0 0.7036822916666666 0.6512268518518518 0.014156249999999915 0.05263888888888891
0 0.7017552083333333 0.8079166666666666 0.00774479166666661 0.04912037037037043
0 0.61965625 0.5852314814814815 0.015390625000000095 0.039212962962963026
0 0.42540104166666665 0.61875 0.005848958333333343 0.030555555555555662
0 0.3860572916666667 0.5675694444444445 0.012927083333333301 0.04263888888888893
0 0.35558333333333336 0.5844444444444444 0.013541666666666667 0.030787037037037064
0 0.3298333333333333 0.3415740740740741 0.016416666666666656 0.10817129629629631
0 0.28615625 0.6084722222222223 0.004463541666666634 0.04467592592592589
0 0.22734375 0.7943518518518519 0.02482812499999998 0.06988425925925938
0 0.2549427083333333 0.8288657407407407 0.030776041666666653 0.08650462962962964
0 0.28818229166666665 0.6893981481481481 0.009026041666666628 0.026388888888888837
0 0.24553125 0.6793750000000001 0.0032291666666666905 0.04282407407407408
0 0.19803125000000002 0.3070601851851852 0.012364583333333339 0.045972222222222255
0 0.20410937499999998 0.3902314814814815 0.02400520833333335 0.1439351851851852
0 0.18079166666666666 0.9300925925925926 0.012770833333333323 0.09057870370370369
0 0.14491145833333335 0.6707175925925926 0.014364583333333354 0.046041666666666634