2 0.970921875 0.7363888888888889 0.05815624999999992 0.2675462962962964
2 0.8830729166666667 0.6465046296296296 0.05607812500000004 0.43497685185185175
2 0.6972239583333334 0.6515277777777777 0.0680572916666667 0.4064351851851853
2 0.24791666666666667 0.5558796296296296 0.05139062500000001 0.27689814814814817
2 0.041666666666666664 0.8476157407407408 0.08333333333333333 0.30476851851851844
1 0.264671875 0.6238425925925926 0.15954687500000003 0.7523148148148148
1 0.7848958333333333 0.5929861111111111 0.16354166666666667 0.8140277777777777
0 0.9413125 0.5523148148148148 0.008656249999999944 0.0206018518518518
0 0.9456979166666667 0.5734259259259259 0.013463541666666618 0.02259259259259257
0 0.9496875 0.5888657407407407 0.014083333333333314 0.035902777777777756
0 0.9329166666666667 0.5768055555555556 0.012781249999999982 0.04194444444444446
0 0.924828125 0.5386111111111112 0.011312499999999896 0.03592592592592588
0 0.9171614583333334 0.5225231481481482 0.013520833333333352 0.023888888888888873
0 0.8890208333333334 0.485462962962963 0.013234374999999925 0.017615740740740772
0 0.8759270833333334 0.4828240740740741 0.013630208333333371 0.024907407407407385
0 0.9028802083333333 0.5088194444444445 0.01040625000000001 0.02916666666666672
0 0.8981302083333333 0.5461574074074074 0.007692708333333324 0.04094907407407407
0 0.8499635416666667 0.2500925925925926 0.010916666666666686 0.05217592592592591
0 0.856609375 0.30775462962962963 0.017989583333333316 0.13986111111111116
0 0.8443333333333333 0.3288657407407407 0.021718749999999905 0.1418518518518518
0 0.8310989583333334 0.26541666666666663 0.015609374999999896 0.10796296296296293
0 0.8452395833333333 0.4812962962962963 0.01900520833333322 0.09226851851851856
0 0.8497395833333333 0.5124768518518518 0.028562500000000077 0.06409722222222222
0 0.8381979166666667 0.5680092592592593 0.030375000000000086 0.09976851851851858
0 0.8236041666666666 0.455162037037037 0.0125 0.08020833333333328
0 0.7954895833333333 0.25384259259259256 0.009447916666666601 0.10495370370370367
0 0.801828125 0.340162037037037 0.013067708333333409 0.15944444444444444
0 0.80196875 0.5922685185185186 0.012781249999999982 0.09546296296296299
0 0.8216822916666667 0.5152314814814815 0.010348958333333276 0.03444444444444444
0 0.8111614583333334 0.49261574074074077 0.00514583333333339 0.03949074074074074
0 0.7936822916666666 0.4433564814814815 0.005260416666666619 0.10182870370370373
0 0.7799635416666667 0.5224074074074074 0.012895833333333447 0.026157407407407435
0 0.7712552083333333 0.25662037037037033 0.009614583333333352 0.10546296296296294
0 0.7672395833333333 0.339537037037037 0.01402604166666658 0.1607175925925926
0 0.77459375 0.44537037037037036 0.0038489583333332672 0.09581018518518515
0 0.76178125 0.5188888888888888 0.010463541666666742 0.039212962962962956
0 0.7629687500000001 0.5583333333333333 0.009447916666666601 0.0226157407407407
0 0.7563229166666667 0.5702777777777778 0.011427083333333362 0.04898148148148147
0 0.750921875 0.6225462962962963 0.015895833333333324 0.04293981481481471
0 0.7682552083333333 0.5934027777777778 0.013802083333333333 0.09523148148148144
0 0.736328125 0.2737037037037037 0.01611979166666657 0.1195138888888889
0 0.7158802083333333 0.2458101851851852 0.010859374999999952 0.048657407407407434
0 0.711265625 0.3124074074074074 0.019177083333333417 0.1365972222222222
0 0.7411354166666667 0.4637037037037037 0.022343750000000048 0.07719907407407413
0 0.7236822916666666 0.4862037037037037 0.019682291666666647 0.09451388888888886
0 0.7204010416666667 0.5225231481481482 0.028958333333333287 0.06409722222222222
0 0.730953125 0.5667592592592593 0.03139062499999999 0.09222222222222216
0 0.7329583333333333 0.6113657407407408 0.004296875 0.03312499999999988
0 0.725296875 0.6320833333333333 0.020078125000000096 0.10222222222222214
0 0.677640625 0.4991435185185185 0.012442708333333267 0.03243055555555553
0 0.6725781249999999 0.5246527777777777 0.006276041666666761 0.03569444444444448
0 0.6560625000000001 0.5879861111111111 0.016234375000000037 0.03162037037037036
0 0.60809375 0.5806018518518519 0.011937500000000038 0.04199074074074071
0 0.6208229166666667 0.6073842592592592 0.015895833333333324 0.0326851851851852
0 0.46786979166666665 0.7268749999999999 0.011484374999999976 0.052962962962962955
0 0.4524270833333333 0.672962962962963 0.013406250000000005 0.02812499999999995
0 0.44493229166666665 0.6441898148148149 0.012557291666666614 0.03342592592592605
0 0.4313333333333333 0.6263425925925925 0.01306770833333329 0.03291666666666673
0 0.43650520833333334 0.6464583333333332 0.008145833333333385 0.042962962962962835
0 0.411109375 0.5981944444444445 0.012781249999999982 0.036967592592592656
0 0.38656250000000003 0.5645138888888889 0.012895833333333329 0.03999999999999994
0 0.3501875 0.6960879629629629 0.015953125000000058 0.04418981481481489
0 0.327140625 0.549050925925926 0.01906249999999995 0.09706018518518514
0 0.33067708333333334 0.3419675925925926 0.01651562500000002 0.11525462962962964
0 0.31322395833333333 0.33379629629629626 0.016119791666666692 0.11150462962962966
0 0.30521875 0.5220370370370371 0.013125000000000024 0.08074074074074072
0 0.27855208333333337 0.31583333333333335 0.010125000000000028 0.10321759259259264
0 0.27770312500000005 0.5078472222222222 0.009557291666666618 0.10511574074074066
0 0.25278645833333335 0.31444444444444447 0.010067708333333354 0.10798611111111109
0 0.24713020833333335 0.39875 0.01459374999999999 0.15844907407407405
0 0.257765625 0.8291666666666666 0.029640624999999983 0.08157407407407409
0 0.22871875 0.7957407407407407 0.024151041666666668 0.07002314814814815
0 0.21890625 0.3301388888888889 0.01640625 0.11678240740740738
0 0.19870833333333332 0.3041435185185185 0.011088541666666648 0.04215277777777776
0 0.20521354166666667 0.3919675925925926 0.022963541666666684 0.13986111111111116
0 0.19294270833333332 0.3717361111111111 0.019911458333333344 0.14212962962962958
0 0.18793229166666667 0.7585416666666667 0.019515625000000016 0.055972222222222104
0 0.15990625 0.7456018518518519 0.01945833333333334 0.04768518518518524
0 0.34453125 0.9884259259259259 0.027604166666666666 0.023148148148148147
0 0.071609375 0.6680555555555556 0.00972916666666667 0.030856481481481575
0 0.07271354166666667 0.7008564814814814 0.014765625000000004 0.023564814814814698
0 0.059619791666666665 0.7032407407407407 0.010635416666666675 0.03083333333333345
0 0.05834375 0.7330324074074075 0.01317708333333334 0.047662037037037114