2 0.8952239583333333 0.3985185185185185 0.05260416666666667 0.23995370370370372
2 0.6880208333333333 0.4085648148148148 0.0461822916666667 0.2137268518518518
2 0.5719635416666667 0.4320833333333333 0.04496354166666663 0.2839120370370371
2 0.3707447916666667 0.7569444444444444 0.09739583333333333 0.4861111111111111
2 0.11927083333333334 0.4370833333333333 0.05451562499999999 0.2862268518518518
2 0.10833333333333334 0.6808333333333333 0.07777604166666668 0.46504629629629624
1 0.24574479166666663 0.5203240740740741 0.1598958333333333 0.853912037037037
1 0.7453125 0.5280324074074074 0.17465104166666662 0.8693518518518517
0 0.9462708333333333 0.5612268518518518 0.015213541666666686 0.03125
0 0.806578125 0.17708333333333334 0.016359374999999923 0.11229166666666665
0 0.8150625 0.20273148148148148 0.01956770833333342 0.13979166666666668
0 0.788234375 0.16622685185185185 0.016359374999999923 0.11773148148148149
0 0.7532604166666667 0.15807870370370372 0.009859374999999915 0.11502314814814814
0 0.759875 0.23006944444444444 0.01314583333333322 0.16388888888888886
0 0.7277708333333333 0.15773148148148147 0.01008854166666661 0.10754629629629632
0 0.6942916666666666 0.17520833333333333 0.016510416666666573 0.11875000000000001
0 0.673 0.1453472222222222 0.011390624999999942 0.04539351851851852
0 0.66784375 0.20884259259259258 0.01865104166666664 0.13842592592592592
0 0.6793854166666667 0.22717592592592592 0.021859374999999896 0.14791666666666667
0 0.6920729166666667 0.7507407407407407 0.022776041666666677 0.09770833333333341
0 0.5227604166666667 0.6422222222222222 0.01360416666666661 0.053958333333333205
0 0.43478125 0.5759953703703704 0.014218749999999976 0.023425925925925937
0 0.43458854166666666 0.6026620370370371 0.01459895833333332 0.032592592592592624
0 0.42102083333333334 0.5104398148148148 0.014218749999999976 0.021435185185185165
0 0.4229322916666666 0.5393287037037037 0.013453124999999962 0.03159722222222217
0 0.411734375 0.4712268518518518 0.007109375000000047 0.0346990740740741
0 0.374546875 0.49430555555555555 0.0160520833333333 0.0401157407407407
0 0.37118229166666666 0.5848148148148148 0.033786458333333394 0.09541666666666673
0 0.31691145833333334 0.5686805555555555 0.008562500000000028 0.059768518518518506
0 0.29165104166666667 0.170625 0.01459895833333332 0.10618055555555557
0 0.3105677083333333 0.1453472222222222 0.010395833333333352 0.04539351851851852
0 0.3151145833333333 0.20680555555555558 0.017197916666666656 0.13435185185185183
0 0.3032291666666667 0.22275462962962964 0.020182291666666668 0.14587962962962966
0 0.257140625 0.1594212962962963 0.00902083333333336 0.10414351851851854
0 0.26199479166666667 0.23532407407407407 0.013375000000000003 0.15064814814814811
0 0.23329166666666667 0.1594212962962963 0.01100520833333333 0.10414351851851854
0 0.199578125 0.17657407407407408 0.015442708333333322 0.10787037037037035
0 0.17928645833333334 0.15298611111111113 0.01154166666666665 0.043703703703703696
0 0.1734375 0.21224537037037036 0.01895833333333332 0.1316203703703704
0 0.18566666666666667 0.2295601851851852 0.02201562499999999 0.14587962962962966
0 0.20355729166666667 0.38037037037037036 0.005807291666666655 0.026249999999999944
0 0.19285416666666666 0.45863425925925927 0.030270833333333337 0.0978703703703703
0 0.071046875 0.5165509259259259 0.008333333333333333 0.04041666666666662
0 0.054463541666666664 0.5571296296296296 0.010317708333333335 0.04344907407407403
0 0.0325625 0.6894212962962962 0.009322916666666662 0.06682870370370371
0 0.01559375 0.860925925925926 0.009020833333333334 0.07692129629629633
0 0.23936458333333333 0.7471527777777778 0.03156770833333334 0.046388888888888806
0 0.9050520833333333 0.3072916666666667 0.010927083333333342 0.06449074074074078